517
485
481
474
470
474
474
475
493
474
476
464
470
479
483
493
482
481
460
478
465
487
474
474
526
509
498
499
512
517
522
516
531
519
525
513
507
518
535
526
535
517
475
445
439
455
467
441
455
465
464
376
397
396
427
382
436
444
509
597
635
652
694
702
673
625
705
691
702
703
690
700
708
689
680
701
695
702
694
692
693
698
713
680
667
688
693
691
662
656
653
651
646
639
634
573
563
561
587
553
565
586
515
496
539
517
508
483
453
422
409
448
425
408
415
503
490
476
387
385
413
477
498
538
511
502
538
504
523
484
499
510
522
458
450
441
440
443
410
410
432
477
491
495
496
485
501
492
481
493
494
465
473
462
476
457
463
478
529
530
528
534
464
484
465
372
360
362
307
303
379
440
513
515
551
521
526
512
514
524
514
496
524
493
499
508
501
491
499
490
493
507
495
487
482
469
422
388
374
381
367
372
397
308
331
302
291
299
290
290
303
302
304
293
442
500
504
501
499
518
513
514
504
517
498
510
511
515
516
499
510
512
508
492
518
501
501
511
507
496
514
513
521
504
512
528
506
523
518
506
497
514
498
520
505
497
481
497
502
492
520
503
505
519
511
515
502
508
500
488
463
469
457
458
483
489
483
482
393
378
385
373
376
388
375
382
388
381
376
387
372
365
384
375
389
385
374
373
388
382
371
443
536
529
535
557
547
536
547
520
516
536
547
522
516
530
498
529
505
518
518
509
514
393
371
358
362
362
359
366
360
372
377
380
371
364
366
352
361
365
356
377
524
511
516
517
506
507
531
529
461
432
442
437
425
443
468
473
468
476
490
485
474
482
534
560
572
572
516
457
453
456
456
458
447
446
438
444
444
453
453
450
443
450
441
427
440
462
470
472
472
468
476
484
475
463
471
466
470
452
425
429
420
419
438
413
416
414
411
418
428
427
419
416
438
484
482
506
490
468
413
343
351
340
352
376
467
467
471
475
482
476
461
470
491
485
483
481
459
481
473
478
470
480
492
480
483
479
495
480
480
480
496
495
502
496
504
498
502
497
500
499
489
473
434
450
425
437
499
510
511
520
504
527
513
504
516
514
517
478
467
487
485
473
482
501
491
443
447
448
450
447
443
446
451
459
438
446
444
444
436
435
452
455
457
428
466
462
457
434
445
431
468
453
452
459
478
471
473
479
503
605
613
587
617
605
607
598
608
602
603
616
613
593
491
478
479
477
491
479
481
487
487
481
486
552
548
563
559
549
562
478
453
463
461
461
446
461
463
464
468
473
479
485
471
477
469
472
484
480
484
465
383
366
378
384
386
388
426
499
523
503
513
506
515
495
508
510
514
510
523
511
497
519
515
524
507
522
486
492
513
530
532
516
534
516
520
502
518
505
521
501
509
520
507
498
525
515
507
505
474
446
471
451
466
462
453
473
467
463
468
468
456
451
459
497
520
513
519
519
529
524
531
527
528
521
538
522
530
534
526
525
532
517
514
491
524
508
522
521
530
527
479
474
480
455
463
463
464
465
469
461
466
476
469
464
502
540
555
541
539
538
534
524
547
539
547
525
537
507
499
465
451
423
421
427
412
434
423
425
426
436
420
418
424
420
428
529
532
471
429
431
428
428
428
433
421
428
424
412
412
413
414
419
408
404
410
410
410
405
405
401
442
471
454
459
466
452
469
476
469
456
465
453
457
467
478
481
470
460
463
462
462
456
476
456
465
442
468
467
455
461
442
461
466
483
473
480
456
469
461
471
444
470
457
450
471
464
467
459
447
451
450
452
452
456
444
440
501
524
533
523
525
496
489
477
491
496
504
479
482
480
486
472
480
478
474
482
480
470
474
513
533
519
525
537
544
536
467
408
393
411
403
385
387
396
324
296
284
288
321
307
479
524
526
525
537
520
526
513
521
510
525
522
524
506
503
427
419
399
381
384
382
379
376
390
414
440
447
446
443
447
447
450
425
434
440
440
447
440
441
447
460
599
618
591
603
601
608
606
590
596
606
532
509
528
507
492
502
496
510
495
515
496
475
468
475
474
487
469
492
474
471
472
480
480
485
471
462
469
478
459
477
471
465
481
485
475
473
483
486
467
477
453
351
347
373
347
354
366
378
393
433
447
450
447
445
436
440
441
454
440
448
436
461
465
457
554
589
575
510
483
482
494
494
482
453
441
444
452
477
447
452
515
557
564
537
553
549
547
542
532
470
408
470
409
426
424
422
438
458
491
507
493
516
508
511
498
454
351
368
354
366
360
363
356
343
348
357
369
374
366
351
344
356
349
351
364
394
377
385
394
387
382
389
377
390
431
486
473
470
460
472
463
467
451
465
469
484
523
536
523
527
546
540
521
506
495
475
434
445
445
434
427
434
440
440
439
443
428
444
422
449
423
441
436
445
433
445
439
431
440
449
439
446
415
423
432
453
437
456
463
518
534
526
533
529
530
528
541
518
515
509
519
448
434
445
455
464
462
474
463
472
463
452
460
452
460
465
456
456
474
471
462
446
470
455
492
520
497
507
530
534
510
460
494
451
430
454
444
435
424
451
440
443
467
483
499
494
472
491
477
490
483
504
480
410
437
479
502
496
495
493
481
498
541
584
570
557
566
578
585
575
517
482
472
491
489
472
456
453
452
463
443
458
441
476
518
527
523
540
520
496
492
504
486
498
485
498
492
489
473
472
479
522
515
513
535
519
505
456
455
448
460
442
608
603
601
543
497
503
492
501
449
449
452
441
453
438
433
428
442
453
454
432
444
441
433
435
428
443
439
438
432
448
436
447
433
445
440
456
585
603
596
507
521
520
519
523
508
485
481
477
410
404
388
391
386
525
614
581
595
598
587
603
594
604
601
587
585
598
578
594
527
504
513
507
498
520
504
512
498
508
521
516
505
523
518
526
508
513
516
506
508
503
506
515
516
524
516
530
507
533
516
530
530
516
526
535
522
510
516
515
478
485
472
505
426
440
443
440
355
369
401
392
367
409
394
414
487
489
462
458
454
397
379
350
356
374
353
370
354
362
357
351
344
319
276
288
287
304
282
289
292
283
318
382
462
493
487
496
479
475
499
502
489
520
515
486
436
397
394
398
391
418
386
393
397
401
408
400
393
400
393
511
539
528
536
511
442
456
444
435
400
406
408
401
415
405
400
393
406
406
405
389
501
523
526
532
522
518
545
538
542
532
540
520
523
529
523
531
527
516
496
490
486
508
502
487
500
488
453
437
475
524
508
521
498
511
503
512
519
497
508
511
480
494
502
482
491
500
500
463
343
349
340
312
292
325
341
358
332
346
337
319
330
566
568
579
568
556
560
564
511
495
483
488
474
489
494
509
478
490
494
467
474
492
478
478
476
444
448
442
449
435
446
449
441
457
444
432
453
453
440
546
535
538
530
451
437
444
440
432
443
432
433
443
423
447
439
452
441
441
432
429
432
433
434
458
436
429
429
436
432
432
441
437
428
440
432
446
445
447
428
456
442
443
439
441
435
439
439
442
437
440
445
436
436
433
442
437
440
439
428
435
445
434
433
459
461
469
458
456
461
473
467
477
461
454
498
538
527
544
544
522
514
515
529
524
511
480
425
416
447
462
442
453
452
449
460
471
520
530
510
516
502
509
495
497
510
505
504
516
458
442
445
447
454
437
463
474
450
460
447
492
493
510
512
518
504
506
512
502
507
527
515
454
426
424
425
431
437
406
396
429
385
380
393
429
491
485
497
481
494
459
465
462
440
411
408
402
406
408
415
412
415
465
493
501
519
519
499
380
349
354
348
349
341
350
362
405
386
361
349
358
351
370
357
393
402
398
401
395
396
403
389
396
414
384
395
412
392
412
402
403
383
403
397
418
407
481
506
512
507
475
465
471
470
571
590
579
585
577
560
515
449
456
480
485
445
443
443
449
456
541
543
450
540
576
569
523
454
560
570
590
569
587
589
594
573
510
446
483
496
473
386
378
376
386
374
393
418
439
406
426
421
446
426
437
443
430
445
419
439
512
500
505
508
511
510
501
499
521
521
512
511
510
505
511
499
518
494
501
498
501
376
394
395
397
402
397
380
391
399
402
388
396
406
400
389
362
346
357
369
353
359
375
350
367
374
345
495
523
519
488
496
503
479
505
517
531
515
494
530
514
495
452
447
452
457
468
462
458
454
442
449
457
464
539
545
550
550
556
540
546
542
506
506
497
491
504
493
504
476
505
486
491
473
396
392
397
396
410
389
408
403
412
415
437
429
414
427
415
513
526
534
515
523
529
499
513
523
504
476
484
486
485
488
502
494
504
481
501
522
457
388
408
473
489
474
494
478
478
478
464
424
434
433
427
435
445
441
552
555
553
535
531
530
429
439
443
449
431
423
383
393
393
394
393
387
390
384
397
382
394
433
382
387
416
409
411
477
493
493
487
487
498
464
492
482
478
477
495
486
525
498
529
544
537
543
540
518
533
516
516
517
536
528
526
537
513
537
534
433
437
438
444
425
431
421
374
355
343
361
369
349
375
387
399
409
392
386
393
408
409
427
427
419
407
418
411
424
431
431
438
424
420
415
420
423
419
433
428
420
423
423
429
421
402
427
439
431
411
398
416
490
495
501
523
503
502
493
490
490
514
503
502
506
524
533
553
535
497
501
531
529
525
557
512
389
349
343
367
401
481
491
512
469
354
338
356
360
352
359
349
358
351
338
346
357
345
354
357
353
363
377
538
549
557
549
544
555
579
558
569
522
457
469
464
476
463
460
467
466
456
436
416
407
409
389
436
422
434
433
438
428
435
430
415
436
425
437
419
425
414
434
433
432
438
437
442
523
537
525
532
536
524
437
452
426
434
430
514
526
518
516
518
513
515
490
513
503
485
517
540
531
522
527
552
519
529
508
532
537
531
512
468
463
501
501
503
498
498
503
499
496
497
490
502
503
509
503
517
496
493
496
430
418
398
382
386
388
385
382
403
389
408
408
410
459
468
474
471
459
461
463
478
462
474
464
466
495
529
535
543
555
532
532
532
554
521
531
526
525
532
527
535
532
534
528
533
533
531
519
520
546
539
543
537
521
528
489
459
451
448
465
454
457
467
453
464
448
468
454
453
453
461
448
460
508
507
491
493
499
517
498
512
495
504
507
507
508
513
491
503
506
497
428
398
398
396
397
375
398
437
413
409
409
413
430
487
465
511
481
503
492
506
513
459
470
475
498
465
470
444
469
468
447
463
476
441
482
474
460
465
446
428
448
444
431
440
418
377
389
390
392
388
404
401
398
392
378
403
389
381
388
402
388
404
396
392
392
390
400
397
382
385
394
396
384
392
398
388
481
483
473
499
480
477
492
478
475
487
482
491
478
488
491
487
482
502
488
468
484
501
474
496
485
467
489
472
471
531
529
525
534
476
413
414
415
410
416
402
406
427
372
365
353
365
377
362
359
371
370
380
362
374
364
376
365
365
363
346
363
371
362
376
397
419
427
471
515
516
516
518
516
512
499
493
503
504
483
486
507
501
479
500
493
498
499
506
498
479
414
391
391
393
382
375
363
367
353
338
371
353
337
348
339
341
437
548
545
556
495
526
556
551
557
560
550
568
573
533
561
539
544
553
548
550
546
551
552
557
544
521
436
440
440
420
433
440
414
336
337
330
332
346
329
336
333
339
330
326
335
335
333
338
327
336
328
337
332
331
326
335
333
325
302
297
292
308
303
317
306
308
302
319
292
321
335
464
499
522
512
525
516
511
484
517
511
502
484
510
530
511
503
512
493
504
508
504
501
511
492
515
497
489
507
504
489
434
441
438
441
450
436
436
433
436
448
429
445
431
444
437
437
443
477
541
525
542
529
562
526
546
517
535
529
537
522
529
532
539
539
495
500
494
498
497
499
506
494
495
515
485
502
495
462
412
416
401
424
408
416
391
386
395
398
405
383
413
390
407
395
394
397
417
414
454
510
517
511
520
494
528
483
507
514
506
509
519
512
525
513
494
471
468
484
492
490
489
359
337
349
336
354
363
403
370
322
327
455
512
524
526
518
512
515
528
525
532
506
521
520
519
520
532
539
440
500
429
402
415
398
408
406
410
413
412
391
414
405
408
391
408
400
400
393
387
384
401
377
388
378
391
384
388
372
370
392
393
377
384
388
397
454
497
490
526
491
485
485
504
492
503
492
473
379
374
383
382
390
372
379
395
403
391
393
505
494
534
508
513
506
509
499
504
513
499
499
495
478
489
488
393
397
413
395
408
384
381
376
364
364
375
378
371
369
367
376
382
387
379
385
381
378
371
387
397
401
398
396
406
402
396
413
405
399
411
403
403
406
407
400
414
395
427
403
417
408
495
504
501
504
513
484
477
484
421
367
381
380
373
362
364
397
408
406
409
399
411
406
424
422
417
429
431
408
426
416
419
417
425
433
443
530
529
535
531
535
540
545
543
535
535
529
533
480
483
476
494
478
489
485
490
483
494
483
481
474
481
485
491
467
486
460
464
453
460
528
542
540
525
525
521
531
529
507
418
412
423
433
433
415
427
428
434
417
426
428
427
460
498
519
513
508
492
594
576
569
612
595
571
577
569
563
583
523
511
518
531
518
526
497
509
513
513
489
508
490
476
484
480
485
480
465
481
481
488
467
437
382
394
400
395
410
412
401
407
419
420
491
505
496
515
501
527
538
553
543
569
539
548
546
539
531
541
544
539
518
538
518
513
532
519
533
529
552
548
530
532
538
376
355
356
392
350
373
358
362
349
353
341
351
355
351
369
340
358
351
353
355
338
336
356
356
360
361
354
598
588
589
583
569
563
504
474
353
347
366
366
352
352
367
376
387
384
385
389
384
394
381
407
387
402
399
406
409
451
474
481
455
462
476
489
475
462
485
471
484
477
478
471
473
525
549
479
445
452
440
437
440
461
494
500
485
489
493
508
500
488
461
434
431
435
434
434
454
462
451
472
546
609
595
595
610
598
612
592
602
577
599
590
576
475
471
471
467
536
522
526
517
521
484
464
474
492
482
489
487
477
475
467
474
468
467
491
481
479
480
482
488
536
546
555
555
564
537
549
544
568
556
548
535
542
558
540
549
547
561
553
551
555
537
543
550
552
530
559
546
548
551
556
554
555
556
544
542
542
535
564
558
538
560
563
540
534
550
547
507
437
434
435
439
440
445
434
433
423
429
433
406
408
402
411
381
407
410
406
407
399
402
402
407
418
402
395
402
436
501
500
495
498
505
495
503
492
516
492
485
479
411
373
363
368
368
378
375
374
357
375
372
386
378
375
385
461
476
466
467
467
457
466
459
475
458
476
450
467
459
472
466
476
468
486
525
524
525
532
524
522
540
530
534
550
540
531
524
510
468
421
397
404
413
402
383
402
411
391
389
404
395
412
386
395
392
413
394
406
406
402
392
402
407
388
390
415
396
409
403
408
413
394
386
402
381
402
409
406
393
384
291
274
273
271
290
283
285
293
294
293
433
441
476
500
493
482
493
492
503
501
533
529
517
530
507
450
440
455
440
460
452
453
458
460
453
457
456
456
457
439
450
436
345
363
357
359
353
359
361
363
350
358
355
348
336
478
531
518
522
536
534
532
550
549
532
531
537
522
488
430
454
408
398
407
397
413
359
298
286
285
297
295
299
301
294
307
338
351
342
341
352
351
339
343
355
359
351
360
347
343
352
392
560
558
558
541
550
558
538
553
548
532
560
557
535
563
548
536
561
558
549
553
558
554
553
550
549
553
551
556
557
546
558
553
555
492
420
424
413
406
407
404
407
408
390
389
377
406
410
405
406
412
443
512
513
531
515
460
459
467
469
463
474
453
448
459
408
356
350
359
346
362
354
518
523
509
532
528
513
520
508
509
518
537
533
546
548
533
544
541
437
441
432
427
421
424
427
423
421
456
440
417
429
433
424
378
371
365
356
353
356
359
366
366
348
353
371
366
383
370
394
405
404
402
417
400
407
400
400
410
397
380
414
413
406
416
415
407
412
410
398
398
410
411
396
420
408
401
411
404
390
374
372
405
381
385
372
383
394
391
370
393
390
368
360
368
380
375
382
373
374
374
373
371
383
385
368
399
376
371
377
385
372
395
375
364
370
371
361
359
341
360
350
345
343
356
346
345
392
382
378
376
380
391
388
387
398
408
403
395
393
398
458
457
455
474
455
455
472
524
524
538