596
428
441
447
447
454
452
459
459
429
465
437
452
436
449
453
468
465
439
457
470
447
439
441
473
449
445
466
464
479
470
454
445
454
458
455
462
446
445
446
500
494
534
698
699
705
704
707
704
698
452
410
437
430
425
414
436
424
440
422
431
422
445
434
382
356
351
341
367
355
385
416
413
407
412
409
427
404
414
428
474
465
468
492
484
461
473
566
640
663
665
651
658
624
645
652
687
673
668
685
683
671
673
668
671
688
674
669
688
677
683
674
674
668
667
675
663
631
598
649
683
673
672
666
617
639
576
609
606
567
525
519
524
524
515
467
470
430
423
400
398
390
410
399
398
400
413
448
489
376
381
373
377
370
370
381
380
410
506
512
430
406
411
408
420
412
430
414
429
431
411
435
422
403
432
445
463
429
415
421
432
413
401
393
430
457
457
457
460
468
469
466
470
453
469
470
463
451
460
470
508
494
510
521
517
520
517
522
473
448
454
457
349
273
284
280
279
288
277
271
276
277
285
291
277
269
280
258
292
276
271
274
271
264
276
276
293
281
274
347
459
435
452
456
463
468
504
524
542
521
528
526
503
471
472
474
476
479
472
466
459
476
463
430
374
352
363
359
364
347
337
336
298
282
281
282
290
271
284
277
287
288
274
266
282
285
486
461
503
465
480
482
475
489
479
492
494
492
480
473
488
490
473
483
465
477
471
434
435
428
454
447
410
355
368
375
358
361
347
364
360
406
498
526
518
510
500
505
504
530
524
521
524
477
492
507
477
515
496
543
494
492
502
506
500
386
349
344
367
357
363
347
361
431
498
488
492
494
482
479
490
481
504
481
404
424
401
401
399
433
462
447
492
503
495
495
488
461
369
383
371
382
383
388
447
475
467
472
462
473
453
458
463
455
459
448
456
449
458
391
397
397
374
378
387
394
381
376
368
329
349
342
326
337
308
267
259
260
276
271
273
258
271
262
265
268
300
302
322
408
532
514
510
519
514
502
488
521
464
426
439
421
420
409
429
492
495
490
503
491
493
501
492
495
492
474
458
457
455
454
453
446
468
459
459
448
436
427
430
435
442
436
440
438
517
495
510
508
451
402
423
420
485
496
501
483
503
495
489
464
414
411
486
500
488
512
506
488
493
478
491
479
491
487
507
484
488
500
467
450
453
454
457
443
423
437
436
427
434
416
430
434
428
429
423
439
421
427
538
590
597
602
586
604
553
479
460
456
473
466
469
472
470
464
471
505
515
517
532
526
522
522
513
503
496
492
519
509
493
503
494
482
372
352
360
338
366
336
354
327
349
380
381
374
372
381
400
395
397
393
392
397
378
519
530
524
523
519
520
518
522
531
521
518
523
522
529
533
522
531
524
528
522
524
523
522
522
517
495
488
499
477
391
399
399
397
408
386
397
396
401
389
392
380
336
324
328
347
335
330
328
326
345
322
330
329
316
327
333
310
325
321
360
386
395
389
406
404
393
472
488
478
489
469
484
485
478
461
483
477
456
462
456
385
366
372
375
343
395
375
386
376
404
388
396
422
454
455
461
460
421
410
399
399
398
401
381
383
364
375
381
379
431
546
495
525
401
389
389
385
397
391
390
389
389
392
393
388
380
381
536
618
560
575
556
569
563
570
567
571
564
618
585
617
629
564
448
386
389
381
394
376
535
554
568
431
397
395
397
396
389
384
398
435
475
507
520
522
515
502
540
537
560
551
571
444
444
436
446
434
471
480
489
496
520
579
591
609
602
602
597
600
617
577
582
590
587
577
546
505
513
506
507
509
509
507
506
508
511
526
520
506
508
502
516
503
511
462
479
480
479
477
483
472
478
489
488
485
490
482
494
481
479
476
487
491
486
479
477
470
468
473
468
451
466
462
509
491
495
507
504
481
492
412
415
399
386
385
404
400
415
409
408
406
423
462
498
486
481
455
456
455
460
443
452
464
433
386
394
390
393
398
451
438
461
460
453
490
509
508
529
513
451
439
446
440
440
444
442
453
449
460
468
455
443
452
460
436
446
440
450
461
462
461
453
446
455
452
443
458
445
451
430
454
458
445
447
459
437
446
449
436
416
383
371
375
381
381
364
375
363
356
362
351
496
573
576
581
574
520
452
455
475
485
474
482
436
424
421
444
586
585
583
602
591
599
588
588
575
501
493
492
508
494
508
505
494
495
503
519
504
488
454
389
384
380
381
395
381
378
370
376
381
384
365
360
375
391
371
369
368
467
520
526
526
547
526
497
508
360
361
349
367
359
347
347
354
346
345
338
337
328
336
325
346
331
334
349
342
329
334
347
350
344
342
337
356
530
550
548
557
549
550
521
548
539
546
530
472
462
471
465
466
461
443
419
397
405
401
395
402
397
410
406
464
460
463
451
458
463
445
442
460
451
462
460
430
395
393
402
393
389
393
373
380
361
391
579
598
588
577
575
564
505
473
464
482
474
478
459
457
420
423
415
410
421
422
412
419
417
426
419
411
427
434
419
432
421
421
426
429
421
428
437
458
457
444
463
480
500
508
515
507
519
518
510
522
515
508
502
497
455
393
387
388
389
388
394
406
399
389
389
391
396
384
387
393
397
439
473
496
491
451
387
410
387
389
382
382
304
302
289
280
278
283
296
284
301
309
302
313
322
337
329
336
331
377
539
556
504
529
546
558
536
519
500
434
433
446
438
420
436
441
428
428
425
434
428
434
420
428
436
435
423
439
428
427
429
437
473
491
499
490
493
500
488
493
477
509
483
496
459
469
471
475
456
476
478
461
466
475
366
375
371
366
357
381
358
367
378
373
369
363
364
367
360
360
388
365
366
363
367
364
371
370
352
358
355
371
370
363
366
376
367
392
365
364
378
362
358
354
380
371
363
349
328
287
291
299
292
296
293
297
303
303
294
303
297
325
405
394
391
392
388
403
389
388
383
385
396
384
401
398
390
401
390
403
399
393
377
398
391
388
374
392
398
402
386
406
385
398
390
390
397
388
400
394
385
380
380
391
399
406
498
511
502
493
480
494
481
493
486
501
503
517
563
542
543
535
542
535
548
535
534
547
517
458
434
444
460
448
435
461
407
425
410
423
416
422
418
415
414
414
417
423
424
421
406
405
410
404
421
391
350
367
341
346
360
370
405
418
422
421
403
423
383
415
407
402
390
405
356
367
350
363
362
354
351
373
344
364
375
379
387
384
397
386
348
350
369
363
368
352
373
375
358
363
348
319
335
322
346
345
341
348
353
347
335
361
361
362
345
342
349
362
342
344
348
360
358
369
349
339
352
353
365
351
360
355
441
482
478
478
472
472
423
374
380
373
370
391
370
380
370
330
301
294
303
298
286
310
294
306
305
304
300
281
265
250
250
242
253
267
462
461
475
465
468
472
460
469
481
457
468
482
503
503
499
498
488
489
515
487
496
504
498
512
483
497
415
385
397
401
518
558
543
563
584
573
548
568
565
548
540
555
479
442
434
445
438
442
431
442
439
452
444
450
439
431
437
444
426
436
434
448
456
442
443
444
444
437
452
449
445
440
455
453
447
445
459
440
441
457
444
427
406
342
315
323
341
585
608
610
600
590
563
476
481
471
481
479
473
466
472
471
478
470
473
495
481
473
465
481
463
455
450
452
461
459
457
459
463
471
473
559
565
578
560
550
519
534
535
533
518
529
535
518
462
451
446
462
465
460
456
462
447
454
399
388
391
388
381
385
392
398
391
405
387
395
390
393
398
387
398
401
393
463
466
463
470
467
438
466
449
385
391
394
388
411
464
460
466
468
447
466
455
454
478
527
530
536
522
518
516
512
520
499
497
461
406
412
394
420
402
411
431
481
478
495
486
464
451
463
492
482
468
472
485
489
484
480
479
433
433
439
442
467
504
497
505
486
496
497
495
498
490
496
504
494
490
492
499
476
478
422
425
416
413
413
418
423
413
416
409
396
394
390
410
407
396
404
354
350
352
336
352
342
352
311
319
309
315
310
342
356
363
366
354
369
356
351
373
373
360
358
354
369
388
432
435
431
430
441
427
434
435
437
431
438
454
518
493
517
495
505
515
503
490
492
496
490
489
520
488
491
489
506
438
412
423
419
409
471
493
444
413
408
427
419
415
442
426
432
424
442
434
462
480
502
495
441
413
412
410
418
443
446
449
445
441
459
467
457
463
446
454
443
515
525
520
503
503
500
415
416
417
426
423
425
418
419
431
433
446
457
434
444
453
492
509
510
512
516
482
423
408
430
426
417
416
417
421
423
432
429
416
440
441
455
443
441
442
441
441
453
447
447
420
436
472
516
509
521
515
519
504
508
491
515
515
508
506
509
496
507
428
430
418
441
430
427
430
417
437
429
415
420
418
434
424
438
408
435
431
432
418
474
455
490
475
468
464
449
446
444
431
427
422
446
393
387
395
380
375
389
376
383
378
385
379
393
388
378
385
397
397
397
392
390
378
390
387
387
393
387
396
507
516
513
495
506
510
519
519
507
496
462
462
469
446
459
483
470
457
463
444
439
425
442
421
436
420
421
429
476
456
470
469
469
463
472
476
469
466
483
520
526
512
525
521
531
521
530
513
512
528
513
524
525
518
514
461
411
408
428
428
374
305
314
321
312
308
344
379
425
478
470
468
472
455
433
428
436
434
432
429
534
525
515
535
524
431
428
414
416
432
425
426
425
442
456
468
458
468
477
460
469
467
469
467
476
454
472
464
496
520
504
510
524
519
498
496
420
417
420
417
413
422
414
414
387
299
315
314
311
305
311
299
297
365
362
366
376
392
369
362
461
481
453
486
491
490
492
494
487
486
485
467
454
470
472
459
454
479
475
476
453
487
491
493
475
456
456
467
479
446
472
429
425
415
430
411
433
422
459
505
525
489
510
505
509
513
495
521
410
260
396
394
389
382
391
380
359
361
371
362
372
369
367
370
420
436
441
428
418
438
434
437
445
430
433
435
431
427
475
504
492
520
499
484
497
496
507
503
480
474
476
486
479
426
420
420
438
418
494
483
492
466
486
461
471
464
488
473
482
461
447
368
367
349
369
354
353
356
349
360
393
393
462
442
448
507
511
488
478
442
449
437
449
444
463
442
447
448
497
504
489
426
406
385
408
387
403
404
406
390
388
404
388
383
418
401
418
417
411
419
441
483
480
469
482
467
436
422
433
426
431
452
457
466
453
451
475
516
515
511
518
534
516
501
515
523
529
495
509
436
436
414
439
412
456
463
464
467
470
474
461
456
467
461
503
527
521
515
511
414
407
403
402
397
330
362
378
366
366
420
426
421
395
408
418
438
465
462
378
360
384
386
406
397
605
532
468
475
447
447
483
522
488
476
435
428
437
429
451
498
482
507
482
446
426
447
446
424
452
441
483
482
505
491
495
490
499
490
494
501
496
495
506
445
442
436
445
445
437
446
451
442
445
448
449
430
447
442
446
441
438
443
446
439
448
525
532
537
549
545
523
538
551
500
536
532
507
505
438
414
423
413
424
419
431
438
436
431
448
445
441
454
456
441
462
454
462
464
446
457
449
501
503
499
529
507
488
465
417
417
420
413
490
503
485
475
482
477
467
473
476
442
441
446
446
483
537
545
498
432
429
429
421
402
421
449
443
434
440
447
504
495
499
516
512
511
497
412
418
421
420
406
413
425
430
431
435
445
448
436
433
437
434
446
448
438
432
458
460
445
506
410
413
409
418
403
412
412
412
463
496
478
492
473
473
484
495
484
469
485
486
493
484
488
487
491
495
483
473
447
415
339
339
330
338
324
348
323
334
373
383
377
400
468
430
443
474
459
475
471
459
460
468
467
465
445
464
478
474
481
464
472
480
467
474
528
545
555
535
545
446
431
442
432
440
463
472
463
492
477
494
486
459
478
486
473
466
484
472
452
357
347
350
355
346
377
402
366
396
377
395
376
379
476
479
490
478
475
485
473
475
484
461
452
433
430
444
436
453
441
437
414
440
426
436
433
426
432
443
439
436
379
350
359
347
352
366
345
362
341
357
352
354
344
346
356
358
334
370
378
353
361
359
360
462
530
540
527
532
535
436
440
427
449
443
433
452
434
450
452
453
464
447
445
446
450
459
456
450
441
410
391
397
401
403
389
391
398
398
376
464
492
485
472
475
450
460
444
457
448
441
402
383
382
399
374
384
384
379
373
382
375
417
440
447
439
465
448
450
439
437
509
523
525
531
530
537
493
504
494
454
418
426
426
428
421
431
430
423
425
433
416
453
488
515
488
515
506
520
495
489
489
493
480
504
466
503
508
441
418
444
425
422
441
483
458
440
447
453
450
433
421
417
434
432
466
426
432
448
432
391
293
287
288
267
284
283
281
282
279
279
281
283
286
273
270
286
273
280
438
480
456
492
463
452
465
468
468
472
457
485
481
465
471
466
480
472
470
496
541
559
575
558
544
538
536
523
465
478
459
450
450
448
489
440
458
449
446
468
468
467
445
451
448
445
403
389
373
404
383
393
377
396
384
378
384
386
364
380
375
376
503
600
582
590
594
600
588
598
587
571
600
575
595
582
586
582
603
592
583
593
594
566
578
580
569
565
548
582
576
579
581
584
549
595
507
500
489
496
493
485
477
480
465
436
392
400
395
395
383
401
394
398
397
398
401
405
383
397
410
397
402
400
384
397
376
399
409
405
394
400
411
415
471
480
462
471
466
462
460
453
457
479
447
426
429
427
417
462
468
518
535
533
523
515
489
504
496
409
380
392
382
371
370
323
324
339
339
331
313
326
313
403
498
485
485
450
392
391
413
405
393
402
373
380
398
396
393
395
384
394
370
363
383
379
391
369
443
469
443
460
362
334
343
341
329
339
326
342
339
338
322
327
333
334
325
339
335
332
329
342
331
332
333
335
337
329
354
376
369
362
356
360
372
369
364
371
371
371
360
374
353
382
411
464
451
443
417
383
362
405
435
440
411
439
440
440
423
442
422
452
465
458
459
452
446
576
563
574
570
565
579
580
577
588
570
525
500
505
486
513
506
490
492
535
502
491
505
464
427
441
436
430
445
432
436
443
441
437
432
433
445
414
398
404
390
418
393
390
391
383
389
395
360
371
371
369
364
378
371
379
371
378
361
356
324
347
374
337
327
351
340
368
367
365
368
365
378
374
366
374
352
369
354
365
345
338
360
346
348
349
344
337
335
346
334
338
324
332
354
365
340
360
351
351
349
357
334
358
477
459
468
464
473
469
475
475
466
409
384
377
379
382
363
376
373
375
443
481
479
464
459
457
451
463
442
462
375
343
330
339
328
333
342
325
338
373
337
352
348
391
370
375
369
394
372
377
383
374
398
390
398
522
505
518
505
520
506
510
500
504
467
466
465
467
400
407
416
412
493
526
505
529
534
542
544
530
508
500
505
496
459
464
469
470
454
453
463
467
445
458
449
472
469
476
478
476
464
472
465
480
464
447
452
440
449
454
419
388
390
399
390
432
460
471
457
478
519
522
516
510
521
509
445
436
438
453
444
481
499
512
495
470
460
447
444
467
449
460
452
455
448
441
437
437
443
449
439
455
428
433
452
431
437
448
437
448
439
445
411
397
381
396
390
385
386
384
446
476
474
484
519
516
507
523
512
533
518
519
542
521
534
532
510
448
410
411
415
428
410
416
402
418
408
399
415
405
401
415
427
405
410
477
489
477
462
469
473
485
484
481
497
468
417
414
490
488
485
488
490
478
469
475
464
478
466
471
451
468
457
482
464
467
507
495
487
476
477
485
455
400
354
377
355
355
398
367
359
364
370
357
371
368
360
355
374
370
360
357
363
357
402
497
521
517
519
531
522
505
507
527
525
488
488
416
413
407
404
400
390
411
409
407
428
416
421
408
409
420
413
416
431
444
439
468
458
469
456
479
448
473
449
467
466
469
467
457
466
464
455
451
464
442
456
506
482
487
497
476
479
459
385
392
413
397
391
380
376
394
388
397
387
396
398
389
401
397
432
479
472
484
477
486
479
490
471
479
488
491
482
492
463
444
389
388
377
420
356
381
367
381
361
385
366
381
387
389
388
418
452
470
468
509
502
501
511
504
503
481
504
495
464
421
410
427
417
422
386
417
418
428
418
422
403
414
417
409
405
416
424
469
495
484
482
501
458
418
475
488
497
490
482
483
469
480
454
469
463
464
435
460
467
449
499
525
521
534
513
534
524
541
551
539
530
531
506
522
523
541
518
546
532
536
544
533
523
557
536
524
519
520
553
511
519
441
440
434
432
423
412
419
432
425
443
434
424
420
423
413
403
409
439
480
466
488
481
461
463
460
456
446
441
459
449
476
493
493
508
543
543
543
539
559
545
539
545
545
527
539
519
551
533
545
540
541
539
545
526
510
497
514
500
437
443
442
425
441
423
431
436
445
472
528
503
512
521
512
508
517
474
468
465
453
434
428
431
438
431
436
428
441
437
443
437
436
431
444
430
442
435
426
429
436
430
444
433
446
442
453
460
462
533
527
525
497
497
431
430
423
434
441
434
433
475
486
443
455
440
448
456
466
443
452
428
458
447
458
447
439
442
449
431
366
374
369
369
364
367
367
371
378
371
384
383
372
398
404
406
418
400
405
407
405
410
389
391
388
398
409
408
420
409
404
408
413
495
504
511
497
501
512
494
504
500
515
491
475
459
424
429
407
404
399
379
380
381
386
384
434
419
448
439
460
436
449
507
524
517
499
499
519
524
518
501
522
502
516
519
508
502
508
496
504
511
510
510
520
495
487
500
519
503
499
474
410
400
406
408
404
411
403
409
423
414
408
403
436
450
459
457
465
455
459
460
439
456
470
454
453
444
470
462
523
512
512
510
508
500
486
505
515
493
425
408
418
413
430
428
414
410
397
375
392
410
407
387
363
354
367
351
359
362
357
358
356
345
437
441
435
438
447
447
455
457
433
334
345
333
328
408
511
522
512
512
509
503
519
503
502
505
516
500
518
514
471
449
434
451
434
435
426
431
436
425
442
420
464
477
477
485
496
485
481
491
478
485
488
473
493
485
497
515
494
478
476
476
489
488
482
493
443
438
441
416
422
422
461
466
460
470
470
457
475
456
480
472
470
468
485
442
382
383
465
463
474
455
465
467
436
453
456
442
467
457
471
446
475
457
455
474
479
566
536
535
561
550
547
566
548
549
454
449
436
438
441
423
444
413
424
409
422
406
449
479
485
474
471
489
464
343
335
334
327
337
340
331
345
347
340
356
336
295
250
253
247
269
273
289
463
489
478
465
491
504
488
449
402
407
400
394
402
400
415
395
379
365
370
377
395
375
390
402
373
375
369
373
370
366
362
370
456
459
476
467
464
471
461
477
482
467
468
458
478
458
455
455
453
467
459
469
425
376
370
363
381
352
367
355
356
365
404
453
460
473
451
461
478
452
461
437
460
460
472
460
444
456
454
393
395
392
395
391
411
389
403
393
419
409
403
440
488
481
495
500
482
481
481
486
489
486
470
490
472
479
454
453
448
431
445
446
447
454
479
478
465
464
465
451
472
475
471
466
475
478
470
474
423
400
400
420
389
422
540
552
542
526
532
537
559
533
528
536
553
422
396
397
401
381
444
517
490
520
528
507
519
531
441
422
398
412
393
376
375
378
383
358
361
380
355
363
424
450
449
463
450
435
435
432
402
388
396
405
506
543
537
550
534
548
541
563
545
549
543
555
535
543
544
537
546
551
557
548
547
536
537
502
502
499
509
484
494
473
380
395
385
374
403
392
398
387
395
396
389
384
400
384
509
511
522
533
526
500
513
515
510
503
518
504
506
506
515
518
524
511
500
511
508
517
519
511
502
496
497
482
386
382
380
371
399
370
363
376
355
332
336
477
467
414
436
438
428
421
433
409
431
434
429
415
431
422
457
462
478
467
458
531
539
530
539
525
540
533
531
504
498
506
505
422
421
434
429
435
425
424
419
422
432
460
452
462
480
467
461
477
476
472
495
504
485
491
491
532
552
550
569
564
562
497
463
435
420
422
423
430
425
413
426
428
433
437
440
415
412
406
411
438
456
455
440
456
444
378
362
367
367
378
372
375
365
378
383
369
386
376
383
370
367
373
363
438
501
571
580
571
585
576
558
576
589
579
584
561
561
484
496
478
428
399
400
395
371
401
403
384
374
385
376
390
401
370
402
401
398
393
407
402
385
450
493
458
482
467
495
490
461
446
398
324
328
326
340
316
314
315
334
322
324
329
324
327
324
578
600
592
594
593
527
473
478
477
493
481
478
477
480
442
438
434
444
449
467
444
445
447
534
529
537
536
517
530
537
532
530
517
515
521
548
534
474
430
434
430
440
434
414
416
444
450
472
460
462
471
458
459
454
461
462
447
460
455
456
458
467
449
459
454
451
466
468
454
472
447
466
467
472
467
458
465
445
465
478
458
462
468
468
519
557
559
546
536
544
545
532
514
517
527
508
524
494
475
467
467
453
447
450
383
348
353
362
350
364
368
365
357
375
404
417
430
374
371
391
380
370
370
604
587
599
600
589
609
610
607
617
598
593
515
515
511
461
426
416
394
370
355
338
332
334
334
323
307
325
322
327
296
288
296
312
289
308
308
309
301
312
301
347
580
573
585
584
581
580
562
555
539
557
543
549
536
555
516
463
467
468
455
468
456
475
526
520
537
523
515
519
531
516
510
514
431
366
341
299
261
277
252
312
284
273
310
493
502
490
497
527
541
505
500
516
501
506
501
486
407
428
413
428
423
413
426
416
411
388
383
319
284
305
286
284
283
280
364
496
535
534
539
542
525
540
545
537
473
468
465
477
456
470
466
472
472
477
463
467
468
472
465
470
466
458
465
472
477
471
465
471
476
467
425
425
416
409
427
426
432
592
590
595
594
601
589
542
506
502
507
515
495
464
490
500
472
486
477
486
482
495
476
493
485
491
481
467
472
406
392
389
402
397
382
388
391
406
407
404
415
477
504
490
503
508
493
502
482
496
482
464
413
414
414
418
393
354
371
364
352
351
345
348
360
353
344
352
357
350
339
344
338
356
339
343
339
331
308
311
338
315
314
310
333
325
312
333
354
355
338
343
342
349
350
354
335
341
337
343
331
341
334
342
346
389
383
390
376
382
394
382
376
395
381
382
393
381
380
389
371
401
373
385
391
383
467
463
455
473
451
452
436
448
461
465
485
468
460
461
455
460
460
469
460
472
465
461
460
477
428
434
427
437
432
439
420
439
480
499
487
520
509
513
507
511
504
503
507
497
502
508
500
507
503
485
474
504
492
508
504
520
507
524
522
524
505
437
414
424
417
403
394
405
390
383
324
311
295
296
297
354
337
360
352
364
356
363
408
541
549
546
550
551
587
562
560
558
557
529
525
542
517
545
432
378
380
384
340
340
325
335
324
319
328
362
393
368
375
378
384
431
520
516
513
505
519
519
506
513
505
496
490
497
500
509
468
467
461
444
367
356
352
415
521
518
502
522
504
517
515
510
510
510
527
519
528
509
506
485
414
403
389
410
392
419
409
422
418
397
392
414
415
405
405
415
416
410
386
407
396
405
386
393
392
400
386
392
382
389
375
378
381
381
378
382
377
384
443
496
497
515
484
499
404
419
421
421
421
417
425
437
457
463
505
503
488
507
497
499
502
471
470
414
425
402
422
425
432
496
486
492
481
468
459
471
463
468
468
454
442
439
427
437
440
440
432
409
411
411
394
394
405
527
518
496
503
511
502
510
509
524
483
451
464
456
459
463
462
478
463
458
465
463
461
445
437
440
441
449
469
462
432
442
439
448
522
523
508
517
512
509
511
511
502
517
507
509
476
429
425
407
405
412
405
414
360
353
356
339
326
355
331
348
333
348
355
338
362
344
339
353
340
345
334
346
337
346
331
324
309
309
319
318
310
323
337
326
340
321
316
325
326
325
314
333
308
336
302
329
324
333
313
320
315
333
321
336
321
340
350
394
377
404
399
502
507
504
496
508
494
492
493
499
494
455
474
449
461
466
470
465
461
474
462
470
466
528
522
459
345
345
343
319
319
355
339
333
446
533
514
474
442
442
446
439
437
438
420
463
474
463
487
461
460
445
429
453
437
439
450
449
439
454
436
448
437
453
435
433
390
380
375
392
383
391
387
387
422
453
451
450
448
449
467
511
504
522
510
490
493
496
421
421
433
427
432
442
437
436
435
429
462
475
483
468
474
478
484
467
469
465
466
470
436
450
430
384
372
387
388
386
411
431
452
441
435
443
430
458
451
449
496
522
495
515
488
512
497
495
490
462
405
421
435
406
397
428
426
435
418
436
420
494
488
507
511
488
502
489
444
393
405
395
398
419
412
440
425
504
499
503
506
490
426
401
406
407
405
403
407
413
386
400
405
394
406
417
408
397
408
435
441
467
454
467
441
455
453
515
516
496
502
516
443
417
401
405
402
401
404
422
446
424
402
416
399
398
382
381
297
304
316
306
308
320
315
310
309
308
282
316
310
321
303
339
360
380
373
389
369
387
388
446
456
462
481
465
481
477
479
462
458
470
458
444
428
445
444
446
416
384
391
399
401
405
392
406
392
399
393
393
400
400
388
401
391
411
401
392
398
506
531
548
533
541
528
507
473
472
496
488
465
492
482
481
474
485
407
408
384
394
400
402
400
391
390
414
422
394
444
449
399
396
399
393
375
387
375
385
384
390
386
397
375
382
399
488
486
488
483
510
501
494
491
505
499
487
392
365
340
373
343
379
355
342
380
378
381
383
395
381
411
396
398
412
508
496
496
502
505
496
472
509
491
503
489
500
494
480
472
476
475
486
497
500
499
468
477
488
488
495
492
490
480
503
494
500
499
506
503
499
495
496
499
503
491
512
510
524
507
499
487
492
500
504
498
481
485
504
492
488
395
394
364
380
400
386
391
394
386
366
361
361
356
352
369
369
356
350
326
310
320
316
318
301
316
333
339
357
426
417
418
418
418
445
432
495
538
543
548
551
539
526
525
541
537
530
538
513
511
502
443
391
404
394
371
381
394
394
392
368
327
330
310
363
398
404
412
424
461
509
499
494
502
535
486
498
443
364
343
354
355
353
285
283
275
269
281
276
286
505
508
520
507
508
501
506
495
494
506
491
408
382
377
392
360
377
374
381
370
361
365
376
429
507
507
504
497
511
528
516
505
500
503
526
507
526
512
505
513
512
510
496
498
499
503
505
495
505
461
432
430
419
417
400
347
362
357
355
371
387
399
451
447
457
455
459
457
461
465
469
461
476
451
456
486
503
484
517
500
497
512
501
497
510
453
411
402
404
396
417
403
378
375
391
406
424
426
465
464
514
448
495
436
334
330
325
317
310
323
329
328
406
502
496
494
510
482
505
464
491
495
489
492
522
551
491
474
476
470
484
465
483
483
475
488
472
456
471
475
489
471
483
480
466
454
469
474
457
451
468
467
474
454
469
480
540
586
572
489
452
445
444
461
466
464
446
438
468
436
455
454
475
470
474
479
492
479
489
465
471
410
383
370
380
385
446
443
440
448
452
453
502
506
510
500
489
428
428
424
428
426
422
420
429
422
428
431
421
478
481
472
478
478
486
483
466
474
472
466
468
460
442
438
448
434
454
431
441
440
431
386
393
391
391
380
404
396
393
386
390
409
385
392
491
497
491
492
497
491
484
448
453
457
403
359
372
356
373
351
366
386
372
370
476
483
456
459
453
458
464
462
439
432
429
441
438
431
427
463
506
485
471
473
486
389
425
400
380
389
394
365
393
363
375
372
358
351
379
359
359
361
371
351
362
361
371
360
365
352
355
351
369
366
352
372
376
363
364
361
369
354
374
416
462
454
431
460
461
449
439
369
378
407
369
367
363
350
353
369
342
360
431
429
416
536
583
593
589
497
502
490
491
476
484
494
486
493
472
447
467
417
420
398
422
424
422
407
392
414
417
415
417
419
426
415
446
472
465
469
470
474
466
479
474
418
416
413
500
506
503
456
435
415
415
419
419
405
407
406
400
391
402
415
457
487
473
467
481
481
475
472
526
525
534
516
494
378
384
384
379
377
370
378
376
362
383
374
377
382
375
380
373
388
385
558
583
563
581
577
585
576
568
572
578
576
573
574
587
581
567
568
580
583
576
586
575
568
573
559
515
484
485
486
478
492
469
465
470
490
477
464
463
461
464
467
453
469
464
453
458
455
474
450
469
373
367
380
375
367
374
363
387
379
393
432
428
417
440
442
431
421
434
434
442
435
443
430
538
561
523
477
468
473
480
467
484
469
484
468
446
442
445
505
554
552
566
557
554
546
542
549
549
529
556
548
549
556
546
533
549
533
507
437
436
436
432
409
430
446
459
446
455
422
398
398
396
400
449
477
464
469
466
460
471
463
468
480
453
457
468
468
360
344
415
467
475
471
452
482
479
462
470
466
457
470
500
497
495
503
486
484
497
487
484
495
488
486
477
417
424
411
420
413
412
427
409
412
416
401
414
421
412
413
435
431
434
436
444
426
433
448
423
498
469
493
509
475
505
478
503
479
492
431
416
422
423
406
464
495
483
493
500
490
498
485
456
481
520
491
536
506
456
416
426
401
425
421
421
432
418
458
467
464
467
462
479
467
477
473
473
488
505
497
522
522
506
509
438
390
408
345
355
363
348
358
327
358
362
366
362
370
412
438
418
421
427
443
472
464
511
489
496
500
486
442
428
433
415
417
452
451
444
452
475
450
455
449
454
444
458
434
441
441
395
331
331
317
325
316
337
321
318
333
497
511
315
315
319
320
322
330
335
325
455
479
455
472
475
474
473
480
474
471
464
489
480
529
507
524
508
515
520
478
430
405
410
418
410
400
409
398
442
475
481
461
474
473
482
427
376
383
386
392
371
374
369
352
396
457
471
448
449
445
453
445
457
440
450
457
378
380
384
379
379
377
367
367
376
380
391
381
379
453
478
468
470
469
464
474
479
488
483
490
486
483
485
517
527
497
519
522
539
496
533
498
504
496
507
519
508
508
524
513
517
498
500
463
444
505
524
500
536
537
538
455
450
460
452
451
433
397
390
393
395
399
390
397
559
574
574
563
566
552
564
549
550
553
561
551
565
590
563
536
553
546
541
543
583
554
560
551
567
426
427
441
439
428
438
435
422
439
428
471
508
479
497
501
501
495
499
434
395
375
393
375
374
376
378
375
370
387
376
385
378
370
373
380
376
389
379
376
394
390
383
379
377
371
372
375
349
380
371
372
381
357
378
374
367
363
352
383
369
360
369
367
428
468
475
485
480
472
482
474
469
463
469
449
431
452
404
338
350
350
354
340
360
341
349
345
360
341
350
365
372
366
354
368
381
361
359
365
378
372
369
363
358
372
365
357
370
357
376
366
359
368
371
355
391
414
432
443
466
455
553
526
542
523
540
446
422
418
426
414
426
422
430
417
439
468
467
458
472
483
462
476
382
367
369
380
384
368
364
343
356
360
361
350
362
359
344
358
358
356
380
356
343
373
431
419
432
434
444
430
427
473
480
462
440
449
440
419
450
432
458
446
420
418
426
428
414
350
363
527
561
575
571
571
525
532
539
542
554
546
530
554
527
521
524
536
534
556
518
518
538
531
532
466
467
466
450
461
462
461
460
455
451
457
464
460
451
506
502
450
440
433
374
375
365
375
374
363
391
372
377
386
466
456
504
527
527
506
413
416
394
403
413
391
397
397
387
390
396
386
376
401
397
388
418
460
447
448
448
434
447
444
453
473
463
446
456
450
404
403
406
397
406
393
519
512
521
511
511
502
516
498
496
514
514
471
394
394
396
373
405
404
396
381
390
387
387
393
385
391
385
386
366
366
357
364
369
369
382
445
439
434
438
440
450
475
507
504
511
505
495
499
488
430
435
425
430
419
439
426
439
422
440
430
496
493
465
417
424
429
437
435
431
447
446
427
427
424
435
433
436
425
423
427
428
437
426
430
433
429
465
493
486
478
514
491
482
472
462
459
461
467
468
466
465
469
470
454
421
392
383
390
383
383
391
387
375
379
394
394
380
374
373
368
379
383
390
386
379
391
406
468
459
455
455
440
442
410
459
391
386
397
391
393
389
384
403
463
533
523
527
517
547
516
535
541
536
506
531
526
544
525
529
523
542
524
524
491
488
482
497
488
472
452
457
440
462
454
471
452
451
452
457
454
479
463
506
542
533
535
537
526
529
515
519
518
543
493
449
444
445
449
450
445
456
429
449
429
471
498
493
499
502
489
483
467
475
466
392
372
389
396
387
391
391
401
403
380
375
376
388
384
385
387
487
480
483
490
503
480
480
486
484
453
458
458
461
449
395
382
409
395
389
390
378
409
407
403
453
514
517
523
529
513
526
533
536
511
520
531
522
513
520
524
520
512
507
516
521
490
497
481
450
447
437
436
449
455
480
462
452
463
519
533
554
558
512
479
431
426
442
433
431
418
418
431
457
447
443
442
441
452
449
440
482
514
498
512
507
503
515
520
518
505
517
517
535
521
502
508
515
494
488
408
418
412
435
437
438
431
452
439
443
442
507
496
511
526
503
456
409
421
416
400
433
438
457
450
485
499
516
505
518
512
491
418
417
419
433
416
429
427
440
447
438
454
452
433
430
443
464
476
532
522
512
492
488
415
411
411
418
413
429
473
438
447
445
437
451
437
438
438
439
438
460
511
514
504
512
500
524
522
515
531
524
503
511
496
491
484
483
427
427
423
416
418
426
415
446
473
479
469
469
452
477
460
462
432
450
444
440
443
454
417
438
454
438
450
443
430
428
413
406
407
408
405
419
407
423
392
416
406
402
416
404
403
481
500
493
495
504
484
475
477
482
490
427
407
400
402
393
399
403
402
394
388
389
384
377
373
383
384
385
388
397
367
377
439
489
489
482
475
386
369
376
364
371
380
357
370
375
370
384
375
362
380
362
355
368
371
371
371
382
376
368
358
358
378
349
365
370
369
377
362
380
348
366
352
360
372
466
468
484
475
480
464
400
377
357
363
345
333
349
358
386
370
365
361
407
374
370
366
368
381
369
393
371
374
456
390
419
429
373
372
371
417
499
537
501
488
499
501
528
523
525
536
521
535
557
491
535
507
523
506
485
498
511
507
519
520
502
514
473
473
465
463
466
465
481
490
481
492
479
479
475
457
467
489
452
400
421
426
403
416
420
459
537
539
567
552
552
498
515
509
511
495
446
448
439
438
444
431
446
451
434
446
444
449
440
442
483
446
440
442
448
454
454
442
428
446
484
480
490
489
533
562
536
546
546
541
541
549
549
544
554
563
500
462
447
412
363
373
366
375
369
376
386
372
430
372
381
386
380
372
376
378
538
519
488
456
465
452
447
405
388
374
383
384
390
373
374
382
378
379
384
382
384
390
389
390
396
370
382
385
382
373
378
394
372
376
379
387
392
388
378
375
386
378
384
372
384
409
385
373
382
379
396
384
383
388
390
389
385
379
379
404
471
454
449
458
462
448
473
471
445
460
451
450
450
453
455
456
452
447
454
456
465
461
461
434
457
451
449
453
454
442
498
494
510
499
515
510
508
507
516
505
517
496
503
509
506
528
510
510
501
511
492
483
480
370
376
382
370
354
361
377
371
377
451
574
551
573
566
555
580
571
578
572
574
520
469
461
434
420
413
407
420
409
408
484
499
490
486
476
490
477
485
486
483
483
488
457
426
401
359
358
363
371
367
343
358
374
350
340
360
348
349
369
355
338
352
361
357
353
394
462
476
465
462
464
460
465
464
402
336
324
329
321
326
332
326
312
322
288
287
287
286
286
287
286
291
298
285
284
299
279
285
290
303
278
284
281
283
283
300
285
318
457
471
459
458
450
454
457
450
461
523
520
533
519
536
524
540
493
482
479
480
486
490
490
494
484
463
467
429
378
385
371
377
385
376
456
501
496
494
500
494
503
497
493
501
499
495
517
490
492
494
511
495
506
506
502
500
503
491
517
497
502
494
495
493
495
518
496
509
537
517
509
507
503
511
511
508
493
527
524
522
496
502
498
516
477
418
407
404
403
403
409
406
387
372
331
355
355
333
331
358
406
396
407
425
421
399
399
400
406
413
403
417
415
399
400
394
381
402
387
405
409
402
390
410
401
392
392
403
408
415
397
402
402
404
398
398
413
410
455
490
478
472
467
453
444
439
444
449
438
454
482
520
504
507
507
505
511
515
505
506
498
512
495
504
455
450
472
454
452
482
493
488
488
504
509
488
486
504
515
488
492
490
502
487
495
481
485
469
483
467
480
485
492
488
485
479
467
430
341
337
333
345
326
322
300
325
313
302
318
498
516
523
532
510
478
447
440
449
439
431
434
448
442
449
455
448
441
449
462
441
439
450
445
438
436
445
448
461
465
449
439
455
438
437
453
436
442
432
434
437
431
381
383
371
379
378
367
376
374
378
361
375
379
364
367
379
376
374
374
380
365
374
365
375
373
382
370
382
378
369
373
374
371
374
392
372
379
379
381
368
359
377
378
398
462
468
468
464
468
462
470
455
463
469
481
500
500
521
516
520
512
517
526
521
499
526
507
507
514
505
517
529
521
500
488
553
532
526
519
514
515
515
472
488
491
494
497
480
498
481
463
485
482
470
485
483
487
507
511
531
530
539
511
548
517
516
502
466
404
402
415
428
431
413
400
492
539
556
546
551
549
572
558
549
555
558
528
465
465
457
453
463
454
453
460
452
461
470
459
465
458
462
454
464
462
474
449
464
468
455
453
462
428
398
370
383
367
384
378
382
380
377
361
388
370
368
381
377
366
382
427
444
433
451
435
441
453
491
509
492
503
511
507
496
518
507
506
495
446
409
461
507
502
509
503
516
493
499
480
495
486
489
505
494
493
503
486
504
499
488
498
500
497
502
503
502
487
504
493
495
432
411
378
363
352
356
354
357
340
334
325
326
331
333
336
367
383
438
481
481
473
468
471
478
469
481
472
481
474
467
475
467
482
502
492
499
496
491
480
401
387
381
362
382
387
400
380
380
367
391
370
364
392
382
372
372
342
375
378
371
381
388
529
538
528
531
530
537
526
546
534
538
531
536
537
525
520
518
511
508
513
513
519
509
512
510
520
519
523
515
512
520
511
514
488
445
425
441
419
405
430
435
453
427
430
435
432
443
435
425
413
345
353
357
364
428
416
428
419
431
413
371
351
344
344
357
355
353
354
346
358
356
336
355
376
392
391
393
397
397
387
399
390
399
392
398
389
385
399
399
394
426
412
433
526
540
527
548
530
536
536
540
532
512
504
512
498
508
475
495
501
493
489
427
426
422
427
397
407
357
353
352
349
358
328
324
331
314
303
316
319
328
304
322
347
373
356
352
337
355
356
355
360
365
353
342
312
318
304
313
317
304
286
289
294
306
294
322
470
576
573
577
572
568
567
501
481
486
483
478
478
490
489
491
476
471
467
441
414
422
415
415
364
317
322
323
325
324
332
326
321
321
314
506
577
568
594
569
548
583
566
580
544
484
470
481
480
486
484
478
486
494
486
481
482
473
472
472
470
476
469
489
485
471
485
476
483
483
469
463
437
439
440
445
442
448
453
446
449
458
438
450
517
516
523
514
513
512
530
533
510
447
423
433
435
429
422
417
425
421
431
449
490
491
504
508
498
500
511
486
514
505
496
499
511
487
473
469
457
464
472
467
464
478
474
480
470
472
475
464
453
453
456
454
458
458
454
443
445
404
371
392
384
376
380
413
441
456
458
454
452
468
448
452
459
455
444
452
448
450
453
451
447
458
460
459
437
444
433
424
438
427
443
467
473
426
418
414
406
421
413
411
483
491
485
497
493
492
485
470
480
479
474
476
461
480
473
463
471
479
479
476
462
452
458
454
449
466
449
456
440
453
446
447
434
420
389
404
397
405
401
401
397
401
396
399
397
405
396
477
496
489
494
508
488
493
502
482
463
446
447
454
440
444
407
404
426
485
478
457
450
453
447
454
453
455
454
449
460
461
446
455
440
442
454
417
408
406
405
410
419
415
413
403
403
407
409
410
420
401
406
429
462
462
437
428
434
426
431
437
429
439
421
429
413
457
502
505
459
507
415
502
419
471
516
515
505
511
466
415
466
471
432
445
485
479
433
441
429
489
491
468
423
427
333
340
325
342
343
353
335
339
337
335
328
334
321
325
322
383
389
384
378
388
371
382
390
385
370
392
424
434
498
505
503
514
509
513
501
505
483
479
477
465
468
457
467
480
477
473
464
387
376
381
361
358
359
335
331
340
336
329
337
359
346
357
352
487
477
475
447
481
475
458
457
408
343
358
340
355
350
339
333
337
319
288
294
285
301
300
445
493
490
516
499
490
496
482
384
412
412
397
397
400
385
411
409
407
392
423
404
462
458
471
466
473
467
456
458
419
418
409
410
415
411
468
497
506
502
487
481
480
489
488
507
501
494
500
502
499
501
508
492
519
493
495
500
472
397
413
406
415
399
393
403
417
394
371
355
357
352
359
344
353
345
383
373
378
352
380
386
385
371
381
379
375
373
379
379
376
367
369
362
379
373
383
374
371
371
389
377
369
485
502
477
445
388
375
375
375
381
384
382
381
373
400
373
396
384
381
351
331
347
352
334
357
343
358
331
346
328
328
337
316
350
349
355
366
348
374
365
385
382
378
380
395
401
383
391
389
386
396
395
377
374
375
377
399
384
371
386
383
375
395
385
392
396
386
392
376
367
399
371
380
385
376
370
372
394
377
389
378
445
460
453
476
468
473
468
469
451
475
459
472
459
475
462
454
476
481
473
456
441
456
438
406
391
404
392
406
394
392
388
394
391
410
507
501
514
511
523
516
505
484
460
463
470
386
359
358
342
360
347
345
341
343
346
359
348
414
422
447
436
505
515
498
502
499
505
450
388
375
343
348
329
343
353
346
397
388
372
384
392
408
480
494
472
483
481
447
432
442
426
430
393
400
399
394
418
499
496
482
478
460
446
429
438
456
432
439
430
440
448
474
547
609
601
604
583
591
605
610
548
487
465
467
459
473
468
527
542
539
552
550
511
515
529
467
458
448
431
408
391
411
409
392
415
405
401
404
404
401
403
411
406
401
395
406
396
398
392
433
494
493
496
422
406
486
496
489
478
485
480
480
468
436
454
449
454
450
453
429
425
455
443
457
452
458
453
458
473
436
444
457
441
448
446
444
457
453
452
457
450
449
460
453
455
439
435
438
449
434
444
440
422
406
389
405
411
413
406
404
397
390
396
397
400
401
390
399
471
503
490
503
522
508
496
397
400
495
495
506
507
543
500
499
497
495
494
509
505
503
493
500
502
504
502
505
497
470
472
479
465
476
457
434
343
341
344
312
307
327
318
306
341
391
513
516
511
496
480
514
409
397
383
385
363
360
324
326
319
330
319
324
339
330
319
473
515
502
496
507
502
511
509
490
488
473
474
501
503
498
400
335
313
316
317
319
327
316
471
495
503
495
495
500
495
490
478
487
467
413
407
393
380
364
362
366
364
372
370
348
366
373
362
355
378
388
392
396
376
386
389
385
394
384
368
373
365
360
366
401
473
481
478
466
475
469
449
379
339
347
320
318
325
317
397
530
525
523
530
514
490
500
488
429
392
383
382
367
375
466
437
390
375
375
343
322
315
314
324
324
327
320
320
488
498
496
481
502
503
514
509
492
514
499
513
514
501
506
499
495
487
409
414
395
367
366
363
378
362
366
365
360
371
366
403
477
468
461
483
499
493
470
482
476
463
431
360
363
367
366
371
351
357
386
391
402
387
403
405
397
388
393
368
336
340
338
322
326
313
327
462
522
537
537
536
544
546
546
536
509
531
545
548
540
520
526
532
513
488
473
411
418
406
387
391
414
385
395
394
369
366
375
445
504
492
498
493
498
479
499
478
393
375
365
367
371
328
316
332
358
368
380
355
362
365
385
372
359
349
366
356
336
342
350
337
321
323
307
308
312
308
317
318
320
307
304
328
337
321
382
532
517
528
515
520
527
543
528
527
528
511
423
432
403
389
409
416
427
435
440
431
432
556
557
547
526
482
479
478
470
485
483
467
477
485
495
497
499
500
500
485
486
474
490
464
467
446
440
453
450
446
461
434
459
454
445
441
408
399
397
391
401
406
396
399
404
394
396
390
400
493
529
516
522
519
515
491
524
519
510
507
507
515
520
502
496
490
498
495
507
494
501
478
471
456
451
473
475
463
473
469
474
450
458
456
462
459
438
448
493
483
497
491
494
493
492
487
479
465
476
465
467
457
453
452
453
459
433
406
410
400
409
395
420
395
403
399
407
395
408
401
404
464
494
497
490
492
513
509
493
503
499
497
487
499
512
490
510
498
508
499
502
500
494
479
471
468
466
445
434
377
349
351
361
348
362
354
355
362
374
349
362
353
367
391
401
392
396
429
447
456
431
439
443
395
391
410
391
396
375
394
398
391
399
386
405
392
401
399
416
398
411
396
399
405
389
401
398
425
533
506
527
528
513
509
511
523
484
391
404
407
418
414
430
414
407
418
414
421
414
393
421
412
415
378
358
358
362
361
352
424
444
435
452
447
446
450
445
418
338
352
516
504
521
522
523
502
516
527
512
523
522
498
462
414
428
413
414
423
414
426
430
417
415
422
492
519
518
510
519
493
502
507
488
464
479
486
470
481
479
480
474
458
470
445
480
464
466
458
445
437
438
440
423
418
410
410
434
423
420
416
434
466
465
475
480
458
470
486
560
572
538
547
483
477
476
461
470
461
463
469
474
473
473
455
476
469
471
466
461
469
473
463
461
470
472
466
463
479
473
467
469
449
455
450
479
434
370
365
364
356
365
353
367
350
344
348
357
363
375
372
364
425
434
475
561
565
559
542
550
493
472
459
446
451
463
461
459
465
457
445
468
456
470
413
385
390
390
386
385
529
549
532
502
508
520
530
517
529
509
504
516
455
432
424
437
428
420
421
431
429
411
485
494
504
506
496
499
501
492
492
464
470
479
465
479
476
466
473
458
459
455
492
458
442
520
564
540
574
557
537
545
554
540
528
553
555
555
580
528
516
407
414
422
415
411
425
418
369
382
363
367
360
355
341
373
356
345
333
327
315
330
322
331
320
313
332
323
317
322
317
307
320
332
326
333
341
348
324
331
325
328
337
331
340
332
345
344
349
349
339
350
360
355
343
353
350
344
346
355
339
354
384
368
365
387
382
392
463
456
450
447
448
457
513
506
511
528
507
519
513
504
516
533
478
460
431
436
444
450
416
504
490
509
506
501
488
497
484
487
413
420
409
420
399
362
353
342
359
348
342
344
337
343
351
353
338
332
323
332
330
331
337
319
321
342
378
549
527
525
528
548
532
515
451
441
736
