469
461
472
448
448
446
468
455
462
438
440
453
447
460
461
459
462
471
466
452
457
461
447
461
455
453
435
441
449
427
424
430
444
432
443
445
449
451
456
450
449
437
466
453
465
446
452
445
464
442
466
467
453
466
480
450
465
462
452
450
460
461
463
455
450
461
450
443
470
451
477
455
463
445
474
452
441
441
450
446
424
456
477
474
470
475
448
462
469
447
446
451
437
458
436
443
468
446
450
455
469
475
444
441
444
463
456
451
433
450
442
445
432
450
447
436
434
440
444
449
440
441
429
443
443
456
436
463
451
499
469
428
457
428
438
452
454
454
442
465
490
483
468
439
442
441
436
437
443
437
449
448
436
448
456
454
449
440
449
424
440
454
440
435
433
459
462
442
453
449
494
495
508
493
508
505
511
496
501
498
498
515
512
494
497
505
517
469
474
461
466
452
481
475
478
467
420
418
415
416
414
419
407
407
413
430
417
403
393
380
336
339
337
329
392
411
421
413
413
409
401
410
425
426
407
418
410
443
467
511
664
662
649
665
670
632
665
662
678
674
656
588
586
581
586
600
565
608
572
591
567
562
568
549
548
474
487
477
449
376
396
387
491
485
482
480
472
486
376
372
380
500
482
490
497
500
497
506
481
490
467
482
493
497
477
479
460
476
483
465
465
436
419
412
425
404
419
402
414
406
414
399
419
416
408
416
404
377
389
380
375
377
384
414
449
446
454
465
460
459
467
456
462
470
470
445
462
459
445
446
475
517
520
500
508
505
507
510
503
505
529
504
457
457
446
444
451
447
449
453
447
431
354
266
268
267
275
266
271
268
271
270
266
268
261
328
443
426
447
453
471
453
533
526
530
532
517
463
466
457
468
458
445
374
345
335
347
338
282
268
277
262
267
278
268
271
437
479
495
461
485
481
475
454
453
450
466
454
445
425
425
426
430
437
427
461
463
453
441
436
356
356
354
361
357
360
372
374
493
489
520
488
516
478
480
444
363
353
350
366
503
485
492
472
475
479
486
477
479
487
480
492
493
506
475
479
430
392
398
397
381
388
430
433
458
569
567
564
556
557
581
557
566
558
574
545
555
551
548
527
472
465
470
467
466
450
448
451
430
430
434
427
431
472
507
538
506
513
519
511
496
476
480
480
421
411
400
395
395
397
402
409
404
420
552
550
566
552
541
459
477
462
467
456
454
443
443
445
475
451
462
521
539
538
568
551
545
534
515
496
380
375
387
378
370
366
362
350
346
358
351
370
398
524
530
499
507
445
408
413
405
423
408
410
417
392
376
373
357
390
463
441
461
451
450
467
466
455
440
458
492
508
499
506
495
506
489
480
451
389
388
386
400
430
422
434
435
464
509
490
514
512
508
506
506
499
524
488
496
493
473
368
368
374
379
374
380
383
385
378
382
388
393
394
395
385
385
386
419
444
462
455
439
487
498
415
403
397
385
378
390
495
537
515
515
527
497
496
492
472
420
399
408
416
413
391
385
363
364
354
370
354
350
358
354
350
371
357
353
357
351
357
354
356
341
352
339
291
241
294
261
282
359
482
481
494
478
483
483
470
501
481
489
488
487
498
492
481
477
480
507
496
485
478
491
492
483
471
478
439
379
377
389
512
514
459
416
411
414
420
407
403
414
403
408
391
407
386
392
388
388
401
387
393
402
393
400
393
375
382
384
431
442
455
438
445
446
426
451
400
415
416
422
425
425
426
427
414
422
418
411
416
431
476
466
459
461
452
462
467
484
493
493
483
487
489
477
499
479
365
373
378
384
372
378
365
361
338
347
340
354
345
342
312
309
300
332
509
491
496
486
485
470
493
487
484
411
412
392
373
380
386
351
305
331
308
321
317
313
338
325
325
321
331
321
332
287
290
270
280
326
330
339
348
426
556
547
563
556
564
553
566
575
547
566
534
408
347
343
360
363
350
333
338
329
413
491
474
480
486
496
484
499
479
455
471
461
483
482
483
474
386
345
355
350
477
525
521
499
510
519
517
497
480
372
376
374
373
372
384
374
382
380
387
379
377
376
356
313
315
309
320
548
519
535
473
319
316
312
331
305
321
305
312
315
305
336
492
473
481
490
480
471
485
473
487
504
490
502
491
505
497
484
501
491
487
492
489
457
375
255
248
248
248
277
288
289
286
282
275
295
283
295
288
298
285
310
423
578
598
583
583
583
528
493
485
484
490
485
496
503
489
491
465
432
406
431
409
408
404
410
386
394
399
403
390
407
412
387
395
411
394
384
390
383
382
390
394
379
385
385
388
356
339
352
360
347
364
338
335
329
343
352
347
598
601
604
576
612
602
584
578
569
515
467
466
458
473
472
473
472
471
456
463
456
414
389
394
384
368
380
378
378
367
383
375
444
440
468
467
502
504
471
451
417
396
506
520
515
481
489
354
350
345
354
355
359
356
342
338
348
346
346
354
372
352
349
318
336
328
321
299
312
314
328
503
499
483
427
393
411
398
414
405
419
412
420
408
398
413
407
440
478
471
430
409
478
477
461
474
479
470
472
490
468
449
449
459
453
436
442
446
452
461
448
439
433
440
526
543
529
496
496
357
424
528
527
525
536
517
521
510
527
528
534
510
510
514
519
508
497
495
499
498
488
429
395
301
255
247
252
260
256
419
425
429
432
431
429
451
470
459
470
465
476
473
456
461
464
459
489
479
496
483
482
471
445
427
419
427
422
414
398
376
371
372
386
367
377
361
323
301
296
322
311
305
313
319
300
284
276
280
330
400
397
411
410
464
491
480
513
487
469
408
385
385
377
358
365
351
359
430
464
467
464
469
470
459
469
490
506
511
525
497
512
479
475
480
491
502
492
510
506
503
493
487
491
499
383
341
338
349
358
355
344
330
335
262
271
368
450
460
471
458
455
434
461
446
451
434
445
455
450
445
455
450
456
450
452
492
519
506
394
381
387
380
392
380
425
487
498
495
500
494
504
489
492
482
492
489
483
490
487
487
459
376
379
384
390
387
388
388
393
386
371
357
366
353
360
373
365
340
248
251
265
379
448
467
455
462
467
458
464
450
464
461
458
535
532
501
521
436
430
435
426
429
372
380
384
369
365
458
568
565
573
562
562
550
561
569
576
480
457
444
461
433
440
453
449
445
415
379
388
383
418
400
386
428
512
519
529
514
559
555
534
522
507
459
335
335
342
482
507
497
477
500
539
533
541
513
539
531
537
528
527
532
510
520
467
446
458
457
426
432
365
360
348
343
351
350
341
459
506
503
495
516
482
479
473
487
485
457
451
431
419
430
423
439
450
448
445
444
454
442
376
344
324
327
378
448
435
437
467
465
481
459
469
489
491
472
483
491
480
483
446
431
453
461
465
472
483
476
485
465
431
409
424
410
413
418
425
478
480
466
520
514
530
522
519
515
514
527
524
537
505
488
475
482
364
364
356
381
349
357
495
478
480
476
494
494
532
532
544
541
541
519
509
450
443
437
440
455
445
444
456
440
423
421
374
366
382
370
375
382
368
383
377
364
371
453
524
488
492
397
348
344
331
331
316
332
328
462
474
465
489
464
418
412
405
412
425
411
428
408
417
492
529
501
503
339
344
341
431
412
423
423
411
456
470
456
474
447
468
505
498
484
486
475
485
491
484
496
375
382
367
358
367
352
331
330
329
351
345
350
353
497
596
602
623
606
605
584
606
601
583
563
510
415
415
384
405
407
409
407
402
495
491
495
476
493
493
492
495
483
485
467
494
514
464
449
337
336
341
341
353
348
351
345
348
329
332
452
513
521
516
516
489
522
507
504
481
505
463
444
418
415
428
407
399
376
392
382
384
377
390
373
395
385
390
360
378
372
373
384
372
378
386
371
367
318
323
299
301
290
290
293
295
503
517
475
323
310
319
326
323
328
324
300
325
442
443
498
513
522
510
513
519
510
451
389
388
381
373
380
383
447
443
446
451
434
458
437
459
445
471
448
447
455
445
496
511
483
512
497
491
517
505
477
475
430
407
402
410
386
413
413
404
419
429
430
437
428
487
569
566
559
573
575
576
548
495
469
453
388
407
394
404
386
395
397
405
398
403
391
409
395
410
397
399
390
403
397
397
393
392
399
395
396
408
392
394
402
393
398
406
387
388
376
389
382
376
343
361
353
366
342
363
357
356
363
384
356
354
367
333
362
359
354
355
358
357
370
356
343
337
341
314
297
298
285
293
295
293
304
331
473
486
515
525
522
520
524
514
511
494
461
465
474
463
457
459
451
452
445
448
445
438
435
443
408
393
383
373
378
372
394
412
424
522
502
486
488
479
485
500
502
507
498
476
393
370
376
366
371
372
365
371
368
379
385
381
364
358
315
360
463
481
471
470
454
518
520
522
521
515
520
523
490
467
463
491
482
464
475
476
481
489
485
484
439
375
389
393
403
402
394
339
274
284
291
323
332
335
334
509
552
565
555
566
536
517
528
535
454
457
447
460
437
438
426
438
429
406
394
416
403
406
400
416
381
378
384
382
389
386
358
367
356
361
356
346
348
356
381
411
399
412
412
395
408
399
412
421
425
433
423
479
526
518
516
529
487
432
401
405
397
335
326
324
333
338
338
315
325
339
320
330
331
337
335
498
605
604
614
602
578
466
475
455
460
539
513
513
522
520
501
512
443
423
432
422
397
371
356
362
352
361
353
361
351
349
345
348
275
258
250
225
239
252
244
243
242
241
242
244
255
247
326
421
447
423
429
434
423
482
471
482
463
461
459
503
491
500
485
490
497
487
502
489
454
407
412
420
413
434
403
420
406
360
295
303
290
305
285
297
298
273
295
470
485
467
478
465
488
532
521
515
505
504
441
456
450
451
450
448
448
453
437
447
464
461
446
452
423
441
429
379
385
399
477
479
481
497
483
495
484
508
502
493
485
470
478
489
489
465
471
492
473
483
470
492
481
492
481
493
474
463
424
378
377
390
386
383
374
385
387
383
364
350
394
494
482
493
461
449
316
312
318
322
313
334
318
325
320
512
531
525
377
354
365
376
360
373
302
275
276
278
260
280
274
277
279
351
543
557
544
559
540
528
524
514
522
517
466
463
462
487
471
476
464
477
475
483
480
467
458
471
468
469
411
406
389
384
389
342
327
317
318
333
308
329
319
310
321
333
335
317
308
306
305
293
252
272
259
275
258
287
282
276
267
266
371
359
361
365
364
372
360
376
384
382
383
390
385
384
387
409
452
439
456
448
450
439
351
348
337
336
331
416
496
507
508
525
490
460
368
375
379
370
381
364
344
341
288
303
301
463
492
505
492
497
487
508
505
489
506
507
502
478
488
481
485
474
503
464
476
495
483
486
500
484
498
507
503
495
496
501
489
483
478
497
485
378
357
357
371
369
375
379
367
387
364
369
380
373
349
351
356
353
324
302
336
474
445
425
411
401
397
393
395
395
399
405
396
405
394
390
392
403
408
409
395
472
474
490
455
452
472
476
474
480
473
445
361
354
344
493
561
550
551
537
532
549
501
480
460
451
460
466
466
471
440
433
326
326
318
315
318
326
320
321
321
306
327
337
309
331
317
335
344
339
336
346
342
339
350
341
340
349
342
338
336
329
338
339
337
342
329
335
338
323
340
351
408
417
429
422
415
436
450
440
438
476
539
552
540
533
458
426
420
432
420
432
411
415
416
422
408
501
495
478
489
428
425
417
413
426
432
428
414
413
420
427
415
418
426
447
449
429
405
419
407
366
366
376
366
415
512
495
491
506
522
489
505
514
517
507
501
519
507
502
500
502
501
493
488
508
508
501
515
473
429
403
365
327
324
312
323
316
320
325
305
321
316
245
239
235
214
240
242
256
292
364
387
493
505
505
515
500
499
483
433
439
410
398
393
391
388
376
366
381
387
404
373
371
381
383
380
382
382
372
385
385
383
440
534
508
512
510
414
400
474
469
490
513
498
471
461
493
466
476
468
334
333
332
330
322
316
311
316
321
355
466
466
458
468
456
468
488
509
512
519
515
515
510
510
515
463
456
447
455
450
446
437
377
385
451
496
505
482
515
524
515
483
482
490
505
517
496
539
519
493
491
490
480
419
407
396
399
397
415
375
367
361
373
274
255
255
287
284
270
266
274
278
268
272
285
292
400
505
523
500
522
503
497
488
505
490
484
481
462
465
425
347
353
435
449
342
369
494
483
503
477
488
484
490
477
477
480
500
488
479
484
492
480
468
486
474
487
510
534
539
538
539
540
531
532
527
458
421
433
423
434
422
426
430
436
436
436
436
512
499
512
521
534
505
461
384
395
379
364
263
268
298
311
301
302
303
341
528
536
533
545
550
556
543
535
527
501
405
402
379
383
385
369
475
469
449
464
460
472
384
402
399
385
390
397
439
532
557
544
534
538
532
539
502
401
389
391
387
390
378
388
380
390
400
394
387
396
443
423
434
432
563
566
515
495
500
480
485
487
472
488
481
462
378
377
365
344
349
352
325
332
335
342
338
336
340
332
344
337
332
327
333
340
373
584
600
577
594
588
564
556
560
559
472
459
437
422
414
444
428
430
424
425
433
574
577
575
585
563
552
556
467
472
462
444
311
308
304
302
301
305
314
498
563
473
466
447
457
466
448
429
418
351
295
292
292
301
286
405
463
476
477
466
492
489
502
488
475
500
485
483
466
439
469
471
437
440
463
364
347
340
333
334
426
455
453
426
437
394
430
418
406
411
401
391
402
414
415
397
436
440
426
435
463
526
534
524
522
523
508
523
493
479
456
465
467
474
470
476
461
474
460
472
467
471
459
461
481
445
448
429
428
435
432
458
421
438
427
426
425
436
435
425
436
376
348
335
325
324
435
438
430
439
426
448
454
428
434
435
430
422
444
483
466
479
477
486
468
471
479
493
487
510
498
498
474
445
354
375
368
370
360
324
255
276
264
335
465
467
460
478
476
419
399
387
368
325
325
329
328
354
347
328
338
349
327
348
337
350
337
341
339
383
381
382
393
386
385
393
370
387
380
370
346
346
341
363
364
348
355
351
347
351
335
346
342
353
345
364
336
434
530
525
508
470
446
431
427
449
435
438
434
435
451
510
488
473
494
357
346
352
339
332
324
330
335
323
332
318
318
489
546
496
485
481
488
492
429
398
373
375
329
302
300
280
297
300
321
353
357
379
384
448
586
579
577
606
545
592
573
567
526
540
547
434
328
328
306
316
317
320
324
333
445
455
451
448
462
458
480
482
461
466
476
481
463
475
464
462
474
461
457
461
456
484
488
480
485
495
476
486
479
469
435
408
403
399
382
388
355
338
323
318
293
301
288
287
300
305
452
462
486
467
479
465
459
461
439
434
443
437
487
505
483
493
491
488
474
362
358
356
362
344
370
526
484
482
481
483
492
505
487
461
387
386
388
380
372
377
393
391
388
404
378
394
517
591
578
557
483
453
451
465
429
450
435
425
421
429
418
451
489
478
444
444
450
436
445
445
430
453
444
450
448
529
537
495
444
450
438
458
460
459
468
501
499
515
500
514
518
508
494
489
497
480
491
454
427
429
435
409
385
353
340
347
342
350
328
321
316
293
305
310
312
310
318
309
303
359
371
372
373
365
378
382
371
388
385
396
390
379
387
441
466
476
478
479
440
337
339
390
424
336
365
353
344
346
339
336
344
359
343
354
344
351
363
359
334
345
354
344
352
343
339
341
331
341
313
309
310
316
312
322
303
351
479
497
489
497
477
450
448
386
378
442
585
578
559
467
442
454
463
455
455
463
464
462
450
452
455
441
424
470
465
464
458
463
478
464
466
459
458
462
474
460
460
469
466
481
469
465
466
451
462
475
448
475
474
480
458
450
419
426
409
504
524
501
416
379
372
365
375
344
414
441
495
501
494
485
492
498
492
489
475
484
462
461
451
445
435
436
435
437
429
481
484
494
468
394
388
398
373
381
343
326
295
312
309
306
286
307
309
376
494
508
511
423
363
346
350
356
356
355
355
365
358
373
499
514
497
526
519
515
493
506
508
512
533
480
490
384
349
354
362
362
360
359
311
302
307
428
455
446
447
446
456
460
451
437
442
449
428
433
456
443
466
472
429
403
407
403
397
416
400
405
400
399
386
410
398
399
400
405
434
437
428
433
414
409
401
412
414
413
417
423
426
420
403
483
515
499
509
490
418
431
424
431
429
417
419
382
384
380
395
381
380
390
403
392
378
385
381
381
382
391
384
378
385
392
381
382
367
391
363
375
355
359
338
350
344
303
253
250
244
236
249
248
247
460
469
472
481
533
533
545
530
516
516
524
536
544
536
511
510
500
503
469
425
428
441
454
522
523
526
556
554
482
380
391
378
379
369
361
351
356
440
503
481
509
495
514
497
494
489
480
482
501
494
510
491
491
494
495
480
499
497
489
452
468
463
466
483
484
479
493
491
508
482
481
443
447
450
439
438
480
457
446
447
445
450
447
447
447
447
447
445
458
450
447
501
516
514
517
502
418
382
368
377
387
372
357
337
306
295
292
301
353
510
536
516
516
514
515
513
523
515
532
507
515
453
362
378
366
359
372
357
368
365
367
363
361
392
365
353
376
468
533
521
523
516
503
502
486
500
377
387
400
396
366
348
388
399
397
363
388
379
384
378
340
358
344
338
257
249
269
246
256
255
267
267
267
456
470
472
461
464
475
471
472
454
408
363
360
365
371
345
419
456
464
468
452
460
456
463
453
485
516
512
517
521
493
472
436
435
434
404
416
403
406
395
423
406
412
411
416
403
391
379
365
339
355
348
353
343
365
345
341
343
365
346
362
365
355
352
335
350
307
276
289
287
286
274
285
284
279
278
277
275
285
308
463
440
421
442
431
425
441
456
440
451
456
443
445
450
447
460
453
437
439
444
484
514
526
505
518
415
410
446
399
389
384
387
378
390
488
485
486
488
484
476
484
473
471
476
485
474
466
479
480
495
474
491
433
403
396
397
387
385
391
462
524
526
537
521
527
505
499
492
485
500
499
417
360
356
349
343
361
332
289
297
517
544
540
535
521
445
434
431
439
433
446
436
431
425
438
430
442
445
443
436
431
422
426
441
453
425
444
436
435
490
526
504
504
505
521
517
512
524
502
505
513
502
512
506
520
508
505
500
486
493
497
505
509
513
509
428
443
423
375
363
355
364
400
389
418
489
473
486
492
489
495
491
491
476
440
386
386
383
387
375
362
383
447
449
456
440
453
442
458
447
459
447
439
443
428
454
544
516
522
526
539
520
521
496
506
467
419
439
430
406
364
349
333
311
327
398
531
525
542
526
518
438
380
394
375
338
334
298
308
312
312
317
403
470
467
470
449
445
430
427
430
438
436
424
438
477
513
498
515
520
509
391
361
339
352
354
346
347
347
333
327
329
339
321
481
594
581
508
414
421
409
413
412
430
489
487
500
486
483
469
462
464
468
461
456
464
480
469
425
395
395
401
402
383
380
378
373
371
407
527
524
512
512
486
401
384
293
246
262
258
238
248
258
266
284
293
284
293
300
278
291
288
286
292
285
284
299
287
290
284
287
302
353
568
554
453
427
415
373
364
372
369
371
372
464
578
496
458
462
457
457
452
445
452
454
449
420
406
413
384
392
395
387
398
399
386
391
380
406
373
393
389
384
402
394
394
397
393
384
396
381
388
391
389
389
392
390
452
442
431
418
425
447
417
419
414
425
455
443
435
439
440
448
425
427
443
444
448
445
440
435
438
447
450
448
530
540
525
528
511
433
418
409
420
420
418
458
513
521
525
463
429
419
407
405
442
495
501
497
490
470
412
405
431
408
412
438
437
442
437
383
399
389
397
388
395
395
509
471
506
482
477
493
491
498
461
471
458
484
467
437
384
374
424
546
538
550
526
522
519
518
434
389
371
354
251
255
236
247
232
240
396
421
455
473
458
486
522
514
486
480
493
469
380
372
383
394
374
391
402
478
553
564
553
530
499
336
326
343
336
331
326
332
351
337
333
402
491
513
486
512
541
541
538
541
520
450
407
417
404
385
388
396
381
391
387
395
408
501
490
502
494
516
486
483
482
496
471
483
489
479
486
485
476
470
396
400
390
413
401
397
361
371
380
352
340
308
321
313
305
306
295
292
292
300
288
291
293
303
289
273
315
345
329
338
342
340
336
338
409
422
423
423
418
426
420
409
418
399
410
406
401
427
412
430
410
431
409
428
435
419
423
535
541
547
542
554
545
505
461
463
460
475
458
460
464
452
449
450
413
418
405
408
412
407
394
396
391
395
394
389
385
413
443
455
422
457
471
464
471
463
463
483
487
478
384
346
346
333
329
343
332
334
328
335
326
372
450
450
454
458
456
438
446
460
473
467
457
474
486
477
469
492
464
398
391
397
390
388
397
386
392
326
285
293
295
305
304
306
291
289
305
297
359
415
412
329
314
305
298
299
298
307
291
311
457
486
463
468
468
476
483
472
477
475
534
542
543
541
544
533
483
428
355
360
363
350
345
339
331
284
251
243
253
267
246
333
448
438
448
448
448
430
452
439
427
444
432
438
482
495
500
502
500
497
495
483
479
481
481
386
367
369
354
365
360
414
538
558
544
583
570
527
553
523
483
513
530
357
320
315
312
309
412
444
440
446
453
457
457
451
461
449
436
453
444
441
441
454
439
439
445
446
442
452
470
530
524
522
508
514
469
457
453
457
457
441
441
449
445
438
437
443
442
448
435
441
439
443
445
457
441
455
453
492
439
464
459
471
520
527
545
553
528
527
513
510
491
506
497
496
515
356
364
352
354
336
349
398
479
483
477
487
477
453
484
484
483
488
494
507
483
480
487
498
487
475
484
491
501
501
492
487
474
468
463
466
447
375
409
464
369
361
369
371
376
367
372
359
362
361
329
316
322
317
422
512
512
383
386
394
367
359
360
321
249
250
255
257
239
256
250
257
254
252
258
265
346
371
359
365
370
374
365
368
378
372
373
420
465
389
394
390
372
390
354
363
358
353
361
374
380
341
336
340
332
339
321
342
322
341
253
270
258
255
252
245
252
262
260
272
272
262
257
273
258
262
275
298
336
331
319
330
325
327
335
322
324
333
438
531
507
510
525
504
504
517
535
512
512
527
513
528
535
503
497
517
450
417
413
408
417
416
412
410
422
435
459
458
458
497
497
509
507
496
507
443
404
398
379
369
359
368
374
384
399
389
385
420
488
500
495
497
483
493
481
510
503
484
486
491
492
492
491
496
490
490
479
469
474
489
480
451
415
423
404
434
399
418
415
423
411
422
417
420
399
387
385
375
354
296
306
295
317
296
295
314
315
278
310
345
404
427
417
427
420
447
472
470
447
412
413
411
420
445
494
493
490
453
494
510
484
492
520
517
504
498
523
485
478
445
349
346
348
348
373
519
514
515
524
525
512
512
511
491
504
413
394
401
423
492
500
515
505
480
459
478
415
390
401
473
495
294
275
268
288
292
298
320
319
320
321
322
334
509
590
616
605
630
618
601
604
606
598
616
600
594
605
610
619
601
614
603
605
614
599
613
600
612
606
591
608
619
599
621
575
506
492
506
507
501
512
505
490
510
504
499
502
497
484
483
485
481
491
479
497
489
376
377
368
367
377
365
360
370
368
379
352
349
292
294
302
340
504
505
500
503
487
489
517
504
511
491
498
507
503
502
488
358
325
324
331
326
333
324
333
343
318
310
340
418
403
466
459
474
456
460
481
474
469
470
472
473
393
402
386
390
394
412
385
388
391
393
398
389
389
407
376
314
306
306
292
319
347
332
348
342
348
326
345
342
342
335
333
345
385
418
423
408
397
408
407
416
447
548
560
559
556
555
537
546
452
448
438
449
448
440
422
422
424
423
512
546
557
549
546
532
536
512
520
500
505
379
394
388
398
371
385
389
373
379
383
435
560
537
460
396
373
472
559
516
536
525
552
566
537
544
532
511
447
435
442
442
430
404
346
348
355
346
332
351
350
327
303
484
535
525
528
532
524
528
533
528
521
519
514
449
439
438
441
432
423
409
400
393
387
375
347
364
342
327
258
279
299
423
504
499
494
490
478
477
495
509
503
481
484
412
397
386
406
447
449
444
443
441
423
453
455
436
439
447
433
412
399
412
408
404
415
421
422
528
526
531
522
521
521
492
449
450
454
443
445
421
362
366
366
377
373
365
360
382
505
599
601
597
581
599
577
594
538
531
511
494
491
493
501
434
384
388
383
373
346
356
364
332
291
289
353
493
546
550
530
545
542
546
542
517
471
495
502
488
489
484
482
473
468
492
472
477
430
378
373
382
394
398
399
514
502
527
503
488
463
464
461
462
444
459
451
458
451
440
445
448
450
438
436
454
480
469
464
476
469
472
472
473
468
468
457
470
466
475
451
474
470
463
446
455
355
320
314
320
531
512
527
516
529
533
499
382
407
404
377
395
387
387
388
465
460
458
451
451
419
433
430
438
465
476
478
454
459
462
467
465
479
496
513
493
439
432
418
459
423
454
414
413
389
372
384
383
363
356
369
359
365
350
397
541
543
547
550
444
498
512
349
436
494
500
497
496
488
368
357
358
337
493
507
512
520
499
519
525
524
524
523
520
517
503
423
413
412
395
405
409
423
432
427
468
580
577
583
579
583
571
596
574
586
571
562
543
486
503
481
495
490
487
497
489
424
440
408
399
384
374
382
380
380
374
383
377
375
385
370
386
392
376
370
386
343
321
274
312
301
324
308
318
525
578
553
549
488
424
433
313
314
318
318
314
313
325
317
349
500
524
509
500
511
508
508
504
513
483
502
404
391
409
413
385
388
423
444
431
432
496
492
431
362
356
371
364
331
349
337
359
354
343
406
545
553
569
556
551
576
569
508
484
464
476
478
452
402
377
377
4095
-4096
990
361
375
375
367
369
372
373
358
374
366
310
298
303
307
296
307
315
292
298
303
288
286
292
292
307
322
298
255
268
255
425
464
460
477
472
473
479
476
470
466
459
470
464
457
467
435
405
404
396
398
394
371
428
432
429
436
443
456
449
441
439
448
447
447
433
447
434
424
404
395
387
395
384
392
454
456
456
445
467
463
442
438
438
447
450
451
449
427
414
415
419
405
404
400
421
450
444
467
457
473
499
535
553
516
379
359
360
372
465
471
464
452
463
441
430
469
453
458
463
472
448
468
458
450
474
446
464
455
463
486
471
473
481
443
448
462
433
414
412
408
416
417
414
406
405
415
438
459
470
463
489
521
495
484
416
416
423
415
402
414
412
417
408
402
317
325
308
310
290
305
295
305
322
525
504
525
511
523
514
484
499
463
371
370
325
334
436
466
522
516
499
486
366
338
334
321
323
332
332
470
501
507
508
476
480
497
496
523
495
497
499
501
493
493
498
493
483
502
509
487
494
487
494
487
504
508
501
495
483
496
487
503
484
281