571
460
453
455
447
471
458
456
436
442
448
463
453
452
459
445
463
441
440
442
452
440
412
450
448
442
456
448
457
471
461
448
446
451
464
462
467
457
460
445
463
447
445
445
516
657
671
622
509
491
485
461
456
461
475
475
479
472
461
461
504
482
492
490
436
419
422
405
393
395
408
394
409
399
402
339
343
336
346
334
419
416
400
409
421
419
409
399
408
412
466
442
650
592
688
676
680
663
674
656
674
667
686
683
632
578
576
603
631
649
512
511
513
504
520
492
474
444
543
463
554
543
470
502
458
480
487
462
458
461
495
496
455
454
489
413
528
547
603
488
405
378
381
390
395
463
478
469
460
476
465
464
468
479
361
363
356
363
469
472
489
483
474
472
470
456
453
402
408
399
401
415
403
374
379
395
381
387
457
452
468
456
469
452
460
463
455
444
447
468
472
478
494
488
487
482
487
484
495
488
498
450
441
410
307
261
263
253
265
260
262
256
261
276
270
267
253
389
456
443
443
422
434
470
504
511
531
520
518
509
532
526
518
522
526
517
524
519
511
517
531
504
518
477
477
464
484
475
464
471
461
464
471
462
444
459
452
448
447
429
322
348
335
362
346
337
336
331
348
274
272
270
343
473
472
472
475
467
479
478
466
459
453
460
460
474
446
413
430
424
421
430
423
420
426
417
455
427
428
422
416
417
437
472
470
472
475
477
454
419
426
451
442
445
457
456
456
450
449
453
424
435
418
345
348
342
354
345
366
331
342
350
359
374
487
518
512
517
509
517
504
521
498
511
505
476
498
485
507
495
464
524
480
475
493
483
478
507
504
486
496
488
489
462
503
392
336
330
318
340
352
326
337
332
385
482
492
493
484
469
489
463
482
502
483
475
494
489
487
474
494
485
512
481
401
394
404
396
405
401
403
400
409
401
382
376
405
387
390
381
381
375
400
383
403
390
397
383
388
405
380
393
388
400
402
390
393
386
441
449
466
465
463
457
457
436
450
454
456
473
509
528
514
506
502
433
417
410
421
422
403
398
387
344
372
346
362
355
356
350
368
339
332
331
322
327
338
316
322
310
316
322
319
268
301
291
288
302
301
289
280
314
279
298
275
289
310
269
287
281
293
320
340
318
339
317
336
326
331
331
343
352
342
343
348
337
351
343
346
344
351
336
320
330
327
323
315
323
319
321
317
327
320
314
308
327
300
304
286
291
296
294
288
300
287
286
295
282
333
332
341
333
331
332
337
338
350
332
351
346
345
334
363
351
340
345
356
346
343
348
364
350
349
332
332
348
353
350
346
333
329
348
329
325
330
336
348
323
308
338
331
324
342
319
331
323
338
340
333
326
339
318
328
332
342
316
328
327
328
319
332
334
324
324
314
305
308
299
305
296
295
291
311
292
323
332
344
333
368
360
360
365
356
339
329
313
313
319
331
321
328
319
299
296
293
281
307
281
304
277
291
291
339
331
327
328
329
339
319
352
343
335
332
328
330
312
330
349
365
336
347
349
341
322
343
346
336
329
351
344
343
345
335
343
321
319
327
338
323
339
338
343
343
343
322
310
318
332
327
331
318
310
323
277
237
256
262
324
305
340
334
322
333
452
519
523
532
509
503
519
514
504
512
503
463
429
408
425
415
424
431
433
416
407
427
409
472
501
498
494
506
436
454
445
439
439
443
439
443
423
431
419
434
439
510
513
521
510
518
502
518
452
469
450
463
462
452
455
465
453
454
450
443
460
449
464
456
452
460
450
430
450
419
429
426
411
461
494
505
486
492
484
492
494
483
464
450
460
452
452
449
439
456
460
459
462
473
462
467
461
464
456
458
448
446
432
462
466
454
452
444
450
466
466
460
461
475
454
440
438
447
433
425
453
482
491
505
490
505
493
436
418
438
436
433
441
536
563
568
550
557
566
515
473
476
472
480
473
485
471
485
474
575
557
561
561
559
574
579
577
570
556
549
547
569
532
481
469
469
477
483
466
484
480
491
485
478
479
494
486
486
458
460
434
449
431
442
464
459
437
452
490
526
534
525
506
527
505
535
511
453
447
450
440
428
422
441
431
493
487
476
476
484
475
490
474
496
476
485
477
480
495
490
468
473
478
483
431
395
390
375
382
399
395
406
493
489
495
506
481
489
486
496
518
482
469
495
485
495
495
470
479
492
489
472
484
450
427
396
399
401
311
312
381
377
392
393
391
386
388
340
307
297
303
296
305
303
301
305
296
285
296
303
296
294
300
314
295
295
308
307
301
304
300
324
321
304
305
306
304
284
297
291
293
302
316
304
357
504
501
514
486
482
501
424
330
325
328
313
333
313
306
308
334
342
333
317
337
487
533
524
516
381
400
384
405
462
510
439
406
392
387
395
380
347
354
364
347
350
353
355
360
355
328
314
331
322
328
322
313
337
332
341
329
334
351
347
334
431
606
610
621
624
605
619
614
606
621
619
592
489
464
456
451
461
471
472
384
361
353
356
363
358
319
317
331
326
315
323
333
323
330
356
389
399
384
435
454
449
451
457
459
463
445
457
441
427
462
440
453
431
446
441
438
456
457
422
406
404
400
413
402
393
416
409
406
409
407
442
498
505
510
512
509
514
521
509
483
450
384
400
373
366
364
392
384
382
389
386
379
364
377
416
506
513
501
515
505
505
500
511
492
500
458
465
456
462
453
459
462
457
460
464
453
473
457
463
456
398
411
351
333
350
350
339
322
338
331
310
293
283
290
298
291
294
302
306
305
306
302
307
307
284
240
251
230
256
246
249
245
244
243
243
242
239
257
247
235
247
247
272
272
264
252
246
241
344
440
440
451
454
442
452
430
434
453
467
462
474
464
469
476
483
459
353
367
351
359
354
355
363
342
329
333
236
237
246
226
249
249
257
258
366
423
417
418
427
436
445
452
472
493
492
487
480
466
438
391
387
386
381
387
353
357
346
344
347
332
348
336
332
339
316
333
334
330
339
326
343
319
339
321
314
328
317
311
309
323
308
322
308
330
320
337
324
306
319
309
330
323
330
307
321
321
312
276
250
248
263
264
261
271
260
261
278
291
329
331
315
321
322
328
323
311
317
313
314
325
319
302
329
335
330
385
535
509
524
522
489
483
502
504
433
428
428
430
447
504
519
440
418
416
427
428
487
518
494
509
517
495
516
514
499
501
496
502
501
509
500
454
457
453
446
377
377
365
372
382
366
348
373
357
349
367
338
361
338
349
356
361
338
343
353
337
352
348
339
337
352
342
338
332
338
330
308
297
300
311
339
321
326
330
325
351
378
376
384
383
382
373
370
365
366
345
341
330
321
320
338
286
258
269
255
271
294
372
364
364
374
379
426
462
476
464
320
320
334
327
311
317
324
324
316
433
503
477
466
469
475
436
402
411
408
403
395
408
456
463
474
463
484
462
480
474
464
477
468
460
468
474
460
461
456
464
481
473
449
432
381
324
347
333
322
344
338
488
535
515
508
522
496
521
497
482
510
502
502
472
483
479
344
350
337
447
507
500
483
552
545
544
535
456
467
462
458
459
455
458
448
464
460
459
446
451
458
471
449
452
436
457
455
440
453
444
475
445
447
426
418
427
441
421
427
422
421
439
436
428
428
412
430
413
437
444
439
432
435
422
441
435
428
419
428
430
422
431
420
426
433
459
445
453
439
440
436
433
445
462
470
471
470
476
467
466
458
309
318
319
322
341
353
364
365
345
354
340
330
359
398
333
346
360
332
344
346
382
349
347
363
351
366
428
535
518
514
521
519
501
542
516
513
521
535
523
533
529
506
513
522
511
539
522
540
544
554
511
488
494
507
464
373
393
381
391
395
365
362
381
361
378
378
369
383
451
512
500
506
501
500
505
501
517
514
482
487
495
501
480
495
488
487
477
474
413
394
366
391
372
394
380
376
382
366
377
307
315
318
317
310
347
396
387
378
398
489
498
503
480
494
518
507
507
506
508
515
479
478
500
444
387
381
323
320
486
493
484
483
477
478
472
490
474
521
533
531
527
528
462
438
441
486
528
484
432
441
414
424
369
389
395
372
385
395
479
484
471
482
494
485
480
474
481
467
477
491
490
481
473
480
469
465
470
482
474
483
475
473
457
476
471
478
469
489
474
482
475
483
503
487
482
367
371
364
370
368
404
413
406
429
478
426
419
439
445
427
426
445
345
337
339
335
336
341
327
343
328
330
346
341
354
334
323
329
339
350
328
351
332
548
555
556
539
546
475
470
471
463
443
446
439
452
449
459
447
437
463
462
451
451
444
431
416
421
427
418
418
433
432
438
577
575
579
585
549
557
568
560
566
548
561
589
572
561
564
548
484
511
471
472
462
404
402
460
471
464
459
448
461
483
463
475
451
465
466
472
445
475
473
457
457
473
444
471
459
442
440
453
435
443
438
434
422
446
440
444
445
447
441
441
478
479
483
479
475
488
481
473
487
480
492
487
477
486
468
490
484
473
493
500
468
394
384
369
366
373
372
375
362
366
368
369
391
395
392
408
383
393
453
464
476
460
495
539
521
543
541
510
495
487
502
507
469
493
479
486
490
477
471
482
493
480
436
431
443
399
399
409
417
384
408
395
378
383
387
379
391
392
393
380
368
380
383
408
384
389
380
372
366
366
386
373
367
327
319
317
328
319
320
333
314
307
304
309
310
322
306
314
323
312
294
319
284
272
280
260
277
293
288
332
513
517
531
524
474
508
441
397
399
389
406
420
406
414
435
418
423
429
433
428
428
431
417
429
425
425
461
557
572
559
561
549
561
550
547
564
556
558
560
558
565
561
553
552
547
528
540
540
542
551
526
399
387
396
385
402
420
389
392
482
472
471
490
466
483
480
490
476
489
492
497
482
482
499
509
497
503
494
500
496
494
473
438
333
320
313
313
318
319
329
326
465
468
450
471
466
455
450
468
482
458
469
481
490
473
479
442
386
380
381
388
387
383
385
383
384
376
398
374
384
383
385
389
391
388
393
398
413
424
436
443
413
419
428
406
426
477
488
502
507
489
494
489
484
503
500
491
467
449
405
399
403
422
417
377
396
429
446
439
437
415
434
417
416
437
493
485
489
515
499
500
516
456
415
422
424
408
420
416
407
419
441
443
455
455
463
464
469
452
465
462
444
473
457
443
457
458
467
446
451
467
471
460
467
455
426
350
352
354
354
357
352
355
355
357
390
430
405
425
424
426
411
435
440
416
432
436
487
513
511
481
506
527
506
499
508
479
488
471
486
483
422
395
410
400
410
401
397
403
412
421
451
435
434
449
442
463
452
447
426
439
462
457
440
418
464
526
500
512
533
500
500
501
507
488
503
510
512
509
502
493
535
513
457
396
392
391
410
401
423
414
443
461
449
465
467
459
470
493
551
558
550
540
550
542
559
541
551
518
553
578
564
565
540
545
513
353
349
335
334
328
335
334
353
333
350
343
496
486
483
475
480
478
461
474
493
504
495
495
465
496
500
487
498
498
476
502
491
500
506
484
480
489
499
479
481
485
492
486
502
502
463
380
390
379
388
387
422
420
432
430
423
430
431
426
451
411
411
422
414
419
424
437
496
505
425
406
406
388
397
466
469
383
414
395
392
407
423
405
412
403
401
398
403
393
409
401
407
406
401
382
391
425
429
429
424
436
424
417
428
430
432
427
424
418
431
441
426
434
433
426
436
435
434
420
441
442
433
425
440
440
494
518
514
525
508
497
507
516
513
420
413
414
413
397
418
437
449
439
444
439
498
521
517
506
503
513
546
517
511
511
500
501
511
507
524
512
508
516
505
509
485
495
521
489
507
471
323
333
339
332
303
343
349
447
456
439
442
448
478
464
458
438
456
458
460
455
447
459
462
403
392
394
393
398
392
396
391
392
395
466
456
472
429
388
399
380
399
401
395
382
390
390
405
379
387
386
397
418
430
428
422
452
512
495
500
479
476
474
465
486
499
496
479
477
448
414
397
412
397
404
396
401
401
400
452
480
514
532
501
520
549
534
539
541
524
511
541
544
504
491
495
498
376
341
335
325
337
335
334
406
461
480
471
452
390
428
446
438
474
463
473
482
480
460
459
459
401
387
390
403
391
390
394
393
390
385
418
417
419
430
441
414
422
421
419
433
418
413
422
412
421
472
482
490
486
470
447
447
517
495
476
493
489
473
489
482
464
405
418
413
407
443
483
468
471
448
370
356
342
363
300
251
248
272
258
243
271
285
287
309
307
291
309
289
306
306
309
281
295
313
299
297
292
308
315
298
298
288
327
315
303
295
293
310
296
294
303
298
304
484
533
543
505
520
526
508
524
509
533
527
535
523
503
434
409
400
418
406
406
415
466
488
502
485
514
454
406
413
401
412
406
394
411
419
427
415
418
439
418
434
431
400
415
432
488
490
490
490
486
511
499
498
510
493
494
489
510
503
507
488
490
483
491
483
476
471
414
413
418
430
414
425
417
423
420
407
399
478
477
485
468
473
501
461
462
363
373
389
359
371
350
374
373
368
387
368
365
356
361
359
285
271
246
259
265
252
271
255
270
258
269
240
252
243
251
258
247
263
261
262
250
247
237
255
250
267
268
258
269
273
297
320
308
320
288
295
310
300
297
310
299
298
390
540
519
526
529
508
520
527
528
512
542
524
528
521
515
518
531
504
541
537
525
556
523
541
535
545
535
537
538
530
537
538
541
538
531
541
543
506
536
543
537
537
533
521
531
451
414
401
415
414
400
419
413
411
438
442
437
491
501
522
512
510
526
509
520
497
502
516
510
495
494
422
391
397
404
386
376
389
400
387
391
415
420
404
406
411
408
410
425
417
399
410
416
529
565
551
561
551
570
577
552
559
569
570
566
585
554
564
555
556
552
578
557
543
563
524
482
482
482
480
471
490
469
462
325
331
335
318
333
321
324
329
326
305
298
274
285
289
306
555
555
562
536
554
564
541
449
441
448
421
422
398
382
404
402
391
405
393
384
382
386
442
488
483
477
459
449
443
436
416
436
378
385
387
405
405
399
403
402
403
467
474
487
478
485
476
472
465
491
471
471
477
459
492
531
527
530
515
527
525
519
512
489
489
491
493
504
488
507
492
482
493
488
492
503
498
498
505
497
510
500
500
500
498
501
497
508
506
520
473
430
430
414
434
446
429
409
351
330
338
324
329
388
389
387
383
370
386
384
378
380
399
400
383
392
395
405
395
489
506
529
504
499
508
514
511
509
498
493
494
498
509
520
515
517
503
514
501
507
506
509
505
498
480
435
422
440
430
426
430
445
424
441
442
437
433
438
434
436
431
436
481
537
509
501
430
412
421
448
425
429
433
413
438
449
419
441
431
443
456
446
497
477
495
496
471
494
487
495
478
418
404
423
420
403
417
444
505
491
485
491
450
437
445
440
435
470
465
433
448
453
446
482
456
460
452
460
444
446
420
437
435
423
418
427
430
430
427
427
440
430
425
424
413
431
422
443
413
436
440
439
446
448
453
441
445
432
420
467
496
514
506
527
514
516
512
506
487
515
485
472
479
418
417
412
462
480
445
448
409
428
424
551
524
563
552
544
540
539
526
463
485
462
474
471
464
455
473
495
487
478
406
422
403
395
418
440
411
427
422
412
448
439
430
424
446
513
495
519
496
509
516
495
509
510
492
519
495
507
514
509
475
477
496
475
488
463
398
399
407
411
408
387
382
381
370
416
473
470
464
453
464
482
456
462
516
519
523
523
529
549
539
525
522
508
432
462
452
532
536
510
532
525
422
343
337
328
348
327
403
338
336
347
347
340
309
320
307
311
316
368
460
454
460
473
518
516
515
518
507
507
506
500
456
454
447
432
431
444
445
453
443
446
444
460
444
455
445
440
451
439
450
444
445
457
442
451
445
450
449
446
437
448
449
462
453
454
429
422
341
351
339
488
463
486
482
494
470
499
497
417
410
422
403
419
422
417
422
423
407
425
423
455
450
480
513
528
550
516
530
525
530
530
397
345
329
433
499
491
488
493
494
502
498
512
506
491
496
532
531
534
543
532
554
529
441
435
444
430
429
452
429
399
412
433
411
393
315
327
321
337
315
329
325
402
543
562
562
568
534
521
448
462
460
458
450
450
459
464
439
453
445
425
448
413
374
374
374
368
370
379
381
462
449
447
445
450
478
492
510
517
495
490
495
495
448
364
373
377
373
383
358
370
345
354
358
457
508
514
498
509
518
513
500
516
505
455
396
385
350
304
304
327
287
317
307
387
463
466
456
462
461
454
452
450
450
444
447
463
463
458
454
455
467
425
410
415
406
426
513
518
506
506
477
495
477
449
376
380
361
353
348
363
353
361
351
378
390
394
389
415
499
498
485
491
504
495
499
507
495
481
428
398
343
330
339
322
322
313
337
320
382
572
563
462
450
437
422
375
363
364
468
587
551
567
472
501
455
545
460
463
468
440
373
379
375
386
379
375
358
355
360
361
366
366
370
367
381
361
377
551
564
555
547
557
567
556
554
469
453
465
449
456
452
456
450
462
469
467
459
462
462
462
427
382
389
382
391
383
376
387
384
385
381
383
483
495
496
481
464
464
461
462
456
476
473
468
469
466
481
463
436
438
443
449
432
444
440
460
514
517
540
532
517
438
429
415
423
406
423
504
493
527
498
454
416
435
424
416
413
450
475
483
463
492
456
450
453
462
472
466
473
479
464
471
470
484
468
487
468
452
439
455
448
457
458
449
451
447
457
451
455
461
451
457
451
452
443
465
453
450
459
456
448
448
451
446
453
439
451
470
470
487
466
471
481
496
482
501
489
489
487
487
503
500
498
495
492
489
447
455
459
448
461
456
455
463
457
459
466
458
450
464
454
454
450
450
457
449
430
439
434
438
440
439
432
468
521
497
520
508
523
472
447
445
460
449
463
476
328
363
356
359
340
345
342
365
371
381
365
372
391
374
462
457
468
471
474
468
483
472
476
456
477
477
468
481
460
439