455
441
494
459
449
471
490
481
485
470
456
464
474
454
478
453
470
470
480
474
488
478
473
465
483
480
459
484
454
458
477
468
472
487
456
478
456
466
457
468
490
479
449
474
468
460
462
479
469
475
485
463
455
466
479
476
457
450
480
478
479
446
443
459
454
481
467
472
495
478
492
453
485
482
478
493
489
502
486
502
507
517
514
522
517
505
502
458
444
433
420
426
441
434
445
429
439
431
444
449
430
424
438
444
429
443
442
391
357
353
347
355
359
358
360
351
344
351
365
363
351
363
353
359
353
375
366
362
352
394
447
432
442
487
615
667
691
692
692
684
687
692
692
668
618
670
610
538
531
543
541
530
506
447
452
443
435
443
442
445
447
438
454
439
436
437
430
444
429
433
418
418
414
421
421
427
417
427
417
447
510
518
495
508
501
487
485
487
496
492
486
475
477
481
487
500
478
494
470
493
485
473
482
485
468
491
474
487
483
493
486
458
399
402
429
480
484
489
510
499
515
503
515
477
447
440
437
440
445
427
434
438
424
429
416
422
407
414
390
409
414
412
407
456
474
479
473
514
541
531
516
530
511
534
526
538
536
524
524
524
544
531
526
472
482
455
449
373
282
291
285
295
270
295
281
294
293
295
299
303
293
296
295
282
302
317
295
302
413
471
483
473
474
544
552
556
561
557
552
551
550
557
562
559
556
563
560
549
546
541
532
537
541
501
493
484
486
505
492
496
485
503
467
477
423
383
377
284
296
287
293
284
281
292
304
306
464
505
510
507
498
486
487
501
494
490
496
493
500
494
447
440
450
470
478
480
476
482
485
493
474
466
413
372
385
384
378
397
535
513
496
372
369
376
362
363
355
354
350
485
509
526
531
509
514
526
516
517
516
514
525
505
514
506
490
526
526
524
503
494
427
414
413
422
415
424
411
426
432
426
419
425
424
423
408
437
451
456
429
450
442
441
548
587
577
599
584
599
579
579
587
552
559
553
496
468
526
551
535
540
558
540
561
531
527
525
493
436
436
429
436
439
436
427
433
412
403
430
415
412
397
405
389
383
374
387
391
410
426
443
443
433
476
501
482
513
504
516
500
496
469
467
467
480
463
472
469
469
467
467
464
474
498
489
487
429
390
402
392
390
389
575
611
589
590
585
605
592
573
590
577
585
580
525
423
439
426
398
445
469
443
434
442
466
464
466
454
467
448
456
526
553
557
531
471
462
460
466
463
465
479
483
488
468
482
559
570
543
515
508
516
365
391
381
361
383
372
369
452
526
521
542
505
518
480
358
358
348
303
275
269
274
272
362
508
495
494
482
499
499
540
557
519
497
514
568
557
547
549
560
538
490
485
480
423
416
398
397
405
404
399
417
401
405
394
401
395
406
394
402
391
396
398
408
398
398
368
385
363
371
319
313
317
318
319
332
320
301
319
301
326
316
387
405
382
361
386
449
498
490
507
513
497
506
513
520
504
505
481
495
468
412
403
412
367
372
352
353
353
349
358
370
365
362
368
350
362
355
355
362
373
382
370
363
366
358
380
382
372
378
366
359
362
363
387
405
395
394
399
404
406
411
400
413
396
402
405
480
504
513
492
510
501
479
401
393
385
396
380
378
360
331
324
315
328
326
311
332
333
350
388
376
392
407
467
462
406
301
310
319
301
322
303
329
311
313
307
538
508
524
513
533
517
521
526
543
541
536
533
531
385
405
377
398
396
411
396
381
391
380
385
389
391
494
479
506
497
448
448
477
453
470
442
480
492
521
470
428
405
412
419
426
437
480
472
463
433
415
416
431
402
338
345
330
321
317
322
315
379
372
377
396
461
494
495
492
474
494
485
493
509
502
502
513
485
485
476
435
411
417
385
382
368
377
380
371
378
396
370
384
386
419
420
409
430
466
529
539
529
519
496
509
446
433
436
425
444
448
449
434
389
395
399
401
364
334
331
332
319
335
309
340
323
366
390
449
495
519
506
513
512
502
507
509
494
412
498
520
515
507
491
505
461
425
366
363
383
369
362
362
364
336
383
339
359
347
342
322
319
345
328
329
332
328
344
337
342
352
342
332
329
346
331
355
378
374
373
387
378
407
402
401
411
395
417
429
470
473
470
457
440
448
450
467
465
478
442
440
472
462
480
470
435
465
449
465
447
474
469
466
451
510
505
504
501
504
482
544
516
526
531
531
526
520
520
527
513
525
522
435
393
389
377
326
285
309
288
302
286
301
274
307
300
329
349
358
293
294
290
294
283
279
284
284
316
379
578
539
555
565
516
482
480
481
470
486
415
368
372
368
383
315
268
288
281
283
275
262
284
263
275
277
267
265
254
299
290
291
370
405
395
410
400
400
399
403
387
410
387
389
399
402
412
412
411
411
392
422
422
413
415
420
411
393
418
522
502
510
513
517
512
505
446
420
424
416
425
439
414
425
419
423
426
415
413
428
417
405
427
415
411
419
421
414
404
415
376
367
377
358
359
379
349
359
362
346
328
333
340
347
344
345
277
350
346
352
347
354
323
338
344
344
336
342
323
343
330
327
335
317
311
328
334
340
315
317
326
326
328
340
336
342
331
328
332
318
325
328
329
335
332
329
331
338
420
519
521
525
506
538
522
546
529
509
519
517
527
518
478
402
404
403
407
414
392
393
342
357
347
347
335
327
342
345
343
354
346
351
356
345
347
407
538
533
524
545
526
516
506
516
503
505
429
424
409
430
434
419
421
353
356
336
343
337
331
356
353
359
345
349
347
370
400
384
382
399
397
416
428
441
477
496
479
504
492
489
491
499
475
469
331
328
340
362
329
343
356
350
345
348
345
335
339
350
380
364
363
453
543
548
548
555
545
564
544
474
386
408
411
427
392
392
388
393
396
345
336
353
355
374
363
371
365
363
347
337
338
341
334
372
369
441
529
534
526
527
340
335
334
332
338
347
352
338
355
353
346
351
338
340
361
568
560
517
518
519
523
504
411
448
416
527
520
525
500
513
521
514
483
359
357
347
342
372
375
388
363
369
362
355
344
338
400
408
492
484
511
484
486
482
489
504
482
485
499
497
481
446
391
397
404
542
554
567
570
552
554
570
548
549
543
531
533
537
518
527
548
542
516
517
446
457
455
466
467
467
462
463
459
450
458
444
456
450
454
448
440
453
469
486
481
476
481
485
466
415
413
391
397
449
546
541
560
543
531
538
502
422
420
418
417
399
411
348
382
377
397
398
376
392
405
434
412
408
429
423
434
420
417
427
420
442
432
444
411
431
433
419
420
409
413
388
385
363
361
368
374
350
352
350
355
357
347
361
354
343
366
351
341
339
359
352
365
361
349
339
353
356
350
386
531
547
520
533
519
364
356
366
377
379
390
381
404
405
405
399
440
498
485
487
504
514
536
504
485
378
373
368
358
361
374
378
374
375
371
400
379
368
356
380
343
355
359
386
382
384
383
401
384
403
402
457
473
442
460
466
468
479
458
492
553
551
524
538
520
541
502
405
418
421
451
404
405
418
403
402
382
374
388
395
308
268
266
274
284
282
283
281
268
274
468
465
456
468
467
464
460
514
535
515
535
544
542
527
536
548
546
540
529
532
487
482
491
482
488
492
482
475
482
416
407
398
416
415
402
402
390
376
358
372
382
396
386
381
397
379
371
366
376
369
370
384
366
366
364
362
352
381
371
372
369
376
350
347
344
359
356
346
355
352
357
360
351
443
507
500
518
514
501
518
432
441
428
441
509
499
529
541
499
526
466
435
434
429
383
387
368
343
339
353
338
357
350
339
348
352
351
352
359
355
353
341
350
349
344
348
361
373
357
361
367
398
389
396
382
370
363
358
336
356
351
351
354
361
350
364
343
338
337
340
343
346
345
333
361
389
351
353
341
345
351
340
343
378
388
394
384
382
395
390
400
430
518
503
514
492
508
498
515
452
505
500
486
487
445
430
418
435
416
411
390
399
385
397
387
390
362
388
405
394
378
390
392
394
382
384
372
382
375
375
379
388
372
388
384
381
386
401
392
397
381
381
393
382
368
378
383
383
394
375
344
352
369
347
364
386
401
380
363
368
381
368
342
382
370
373
373
380
364
373
379
369
367
391
367
371
361
383
368
352
322
317
310
305
323
323
323
359
369
354
360
374
372
443
535
547
560
538
561
547
559
539
532
522
526
513
464
469
461
467
464
470
464
480
534
522
526
526
509
521
519
523
527
538
515
519
527
529
508
526
495
441
428
429
423
423
437
435
439
444
429
434
434
435
429
429
438
440
427
438
447
429
432
412
419
426
424
375
366
375
369
385
380
374
393
387
391
386
384
372
351
353
363
380
367
363
355
367
347
352
343
354
345
351
369
345
352
348
296
325
307
304
286
314
331
311
307
371
608
611
594
608
498
315
329
308
298
503
591
600
583
602
608
598
599
569
483
511
504
495
515
505
425
409
421
415
357
334
336
353
364
367
368
367
354
367
347
374
362
356
366
359
364
373
362
362
369
366
366
382
381
378
367
395
362
392
372
371
381
375
387
375
364
378
344
352
354
345
354
363
333
370
364
356
361
376
354
342
354
363
359
348
373
358
362
363
348
347
343
365
355
363
342
355
342
393
367
377
372
367
366
365
356
367
370
359
370
368
346
350
316
331
320
326
315
332
318
333
318
368
559
552
548
543
560
530
531
540
538
565
548
528
464
457
449
431
459
452
460
444
453
438
454
451
423
385
401
411
406
395
367
392
390
383
362
411
373
374
381
392
401
398
403
388
386
386
384
387
396
376
372
386
384
390
385
374
376
352
338
355
348
359
358
343
340
331
522
549
538
543
544
404
414
397
393
403
392
417
409
395
401
403
429
403
382
401
293
284
286
288
293
361
507
516
495
487
489
492
487
496
488
516
491
485
479
490
495
488
487
494
503
479
487
487
498
529
491
492
516
517
498
517
491
509
504
510
493
505
479
494
484
483
471
493
415
411
502
562
555
548
570
540
531
554
507
386
383
397
477
537
530
515
515
533
543
553
542
521
527
526
487
546
531
517
526
532
535
531
540
525
525
395
371
391
474
545
539
537
538
535
513
510
523
522
535
531
531
539
525
539
526
530
530
532
557
538
538
536
449
430
543
551
532
515
537
541
523
528
456
392
390
389
390
385
381
392
393
399
483
527
500
518
505
483
399
416
419
404
417
401
361
285
271
266
292
289
287
271
295
298
297
284
277
287
280
347
340
340
348
350
329
484
544
546
564
563
575
525
560
559
578
565
554
556
435
413
431
481
539
566
567
547
566
527
546
491
458
461
443
464
494
470
455
462
463
454
456
457
463
436
453
470
468
459
472
459
452
431
424
363
346
337
332
333
332
348
350
345
346
350
358
356
363
350
345
350
343
352
351
345
349
349
335
355
339
348
353
368
339
335
354
351
343
349
357
355
351
345
333
345
337
350
401
408
394
406
396
408
415
475
515
521
506
526
503
511
475
404
379
381
401
398
401
405
401
394
393
409
411
424
567
563
569
545
557
562
485
425
428
423
416
432
392
390
367
382
391
382
378
374
368
476
548
506
551
550
538
548
497
456
464
458
460
470
463
463
442
470
453
452
451
513
518
532
532
532
529
502
536
521
513
521
492
449
433
443
425
440
395
400
400
398
383
397
381
396
405
412
395
399
401
395
371
336
345
344
334
315
323
315
324
331
337
328
417
542
517
525
469
368
357
380
390
361
356
361
336
361
355
361
392
507
513
486
464
495
456
427
436
427
439
447
423
425
434
444
434
422
363
364
355
371
346
353
358
354
321
319
318
322
336
334
320
355
406
407
411
424
421
426
416
428
413
529
515
525
459
439
452
433
426
451
425
439
435
422
431
429
433
444
447
393
389
383
395
383
415
401
397
415
412
405
393
404
410
371
371
385
374
366
351
362
389
407
405
398
412
422
406
437
517
517
517
520
515
514
506
561
566
557
578
557
560
561
560
552
564
559
568
562
562
580
496
446
448
466
466
454
440
385
396
398
389
381
373
377
380
410
419
481
495
530
532
543
553
547
538
527
539
538
533
545
547
532
541
517
574
542
535
535
546
464
411
405
414
395
407
398
396
428
433
436
432
444
441
453
436
446
440
436
459
532
531
527
514
448
413
392
379
396
415
405
406
439
413
456
470
439
436
395
401
397
376
373
328
332
338
336
328
314
316
334
323
360
398
395
399
405
431
496
471
360
352
330
325
355
362
533
530
560
573
553
530
541
536
540
530
539
516
507
498
473
418
412
404
408
415
403
404
407
389
409
399
386
380
396
392
399
368
400
398
398
422
417
409
398
374
355
348
343
353
362
364
358
344
348
373
366
362
362
367
356
360
364
358
351
351
367
356
358
369
350
351
355
353
355
359
345
350
362
361
362
367
413
406
402
408
412
399
421
553
541
504
508
508
505
501
508
503
502
490
511
497
501
496
402
401
390
394
394
437
436
424
441
434
447
496
541
531
544
526
539
531
542
522
490
402
425
407
427
422
402
412
411
413
426
398
436
424
426
393
406
415
410
428
423
421
417
398
436
393
403
435
413
410
424