498
431
467
423
448
437
429
425
413
418
438
439
477
488
493
504
502
465
454
443
461
454
470
450
453
463
456
467
450
480
456
452
449
438
460
476
463
463
461
485
456
477
466
471
476
485
490
471
464
473
478
472
480
473
475
432
404
407
317
318
306
373
383
368
393
397
379
368
375
384
399
389
373
383
386
366
379
394
381
378
401
440
630
591
647
641
672
649
673
663
653
668
686
680
675
647
630
667
629
617
621
597
600
596
601
586
519
552
548
601
560
557
548
557
567
578
486
515
542
536
473
487
485
485
450
413
404
439
395
411
397
408
402
400
391
382
375
371
373
382
378
375
375
485
484
471
441
359
361
354
364
362
361
364
363
347
476
463
461
474
367
355
347
361
348
417
477
466
453
486
468
407
406
403
405
399
372
364
364
355
358
368
434
446
433
463
499
475
425
433
431
420
446
432
437
437
426
439
441
429
458
507
484
486
488
483
491
491
488
490
492
464
457
433
443
439
425
429
408
408
328
271
259
259
267
269
269
259
248
266
255
277
260
331
409
419
424
487
518
513
503
517
524
524
515
513
516
506
504
515
494
507
452
456
460
461
460
342
332
327
314
323
319
314
265
251
372
452
466
458
454
480
473
474
456
467
460
473
478
463
478
455
472
484
483
463
408
408
413
417
422
424
414
413
416
420
413
407
425
445
427
400
347
352
329
346
338
346
341
423
524
490
509
477
481
507
517
507
483
494
516
462
484
503
353
350
334
346
337
323
328
341
338
342
337
337
319
318
326
329
330
339
414
469
476
476
450
457
486
467
480
460
497
491
476
489
510
466
415
410
412
396
406
412
399
382
398
398
392
385
455
483
485
487
488
486
462
391
385
383
391
398
386
379
366
371
385
377
374
375
374
372
373
380
375
364
383
478
461
473
460
474
435
384
372
379
376
371
369
373
373
347
327
346
361
341
356
371
366
350
360
342
354
317
304
329
319
302
284
237
241
248
242
235
236
248
236
239
259
282
346
341
343
346
356
346
339
348
344
347
342
363
364
352
437
454
471
458
430
444
447
434
347
339
336
333
342
342
365
322
322
327
429
516
518
518
488
480
495
432
404
400
396
371
372
387
377
383
379
360
388
334
342
328
313
334
359
359
391
376
401
414
490
474
457
434
423
320
272
303
277
291
258
272
275
253
233
240
236
235
440
452
449
465
448
449
471
449
455
463
443
459
455
461
487
486
468
483
476
478
457
442
311
304
317
302
314
302
299
304
359
472
458
473
465
457
466
466
475
462
471
466
472
464
477
460
459
463
459
474
460
458
446
465
456
421
327
339
324
332
314
330
338
314
363
357
353
358
350
351
358
450
442
433
327
337
320
337
317
331
328
334
469
511
514
503
478
472
371
372
373
339
326
305
328
321
307
326
310
324
310
319
320
360
329
344
349
331
321
311
313
329
325
339
332
327
330
326
338
325
327
321
318
362
361
362
390
466
416
379
383
382
358
331
300
320
306
320
313
309
296
286
231
221
224
237
226
233
224
228
229
235
230
220
224
232
231
227
237
244
256
249
245
247
322
442
413
426
440
435
448
508
496
501
501
495
496
484
426
436
375
337
346
291
344
343
346
329
343
350
324
339
356
342
355
369
369
370
497
477
485
484
476
463
450
418
449
447
426
421
418
422
410
404
421
421
425
410
407
402
436
448
425
409
407
404
395
355
351
429
442
458
450
440
463
464
423
392
402
430
460
445
455
443
444
461
368
339
352
349
342
350
349
372
368
423
406
434
428
488
473
475
482
494
465
488
489
433
398
399
378
407
399
400
404
402
411
409
412
406
410
478
543
524
536
465
479
464
466
456
466
464
444
452
429
432
451
428
416
441
428
432
423
439
419
423
431
434
457
452
459
475
374
343
359
342
332
311
352
332
349
363
361
359
362
347
354
369
357
362
379
364
354
360
414
472
478
473
473
476
462
455
464
469
458
464
464
456
442
393
379
379
378
372
375
392
365
338
346
309
296
300
308
374
371
377
384
381
419
483
483
499
482
473
478
475
478
480
487
433
411
414
400
393
501
508
493
511
503
495
516
486
493
502
476
399
415
417
388
383
388
388
424
423
430
412
413
419
440
414
409
320
327
338
327
334
386
342
341
331
322
329
320
318
428
485
514
356
347
344
347
367
359
379
435
427
424
417
426
425
428
430
416
418
424
426
374
360
372
380
380
383
375
391
406
430
423
420
417
372
364
473
523
492
493
472
408
407
408
398
376
368
382
375
384
364
365
372
344
305
295
292
298
299
300
316
442
501
499
478
482
470
395
383
327
339
318
348
364
337
333
350
341
323
336
318
327
342
326
329
331
332
341
333
353
360
357
352
349
355
347
359
361
343
354
360
353
360
335
291
276
292
293
284
285
286
298
284
289
291
327
351
337
345
346
354
351
340
339
349
345
353
348
334
350
336
348
339
346
417
428
416
426
439
546
544
501
472
480
433
406
387
385
375
375
370
388
391
396
384
357
320
340
306
351
343
341
363
338
343
337
343
323
313
284
270
299
287
275
286
281
292
295
281
293
290
259
293
337
340
345
343
335
315
337
330
327
323
332
349
339
345
413
423
414
430
484
479
471
470
482
487
471
481
470
461
469
461
463
467
401
404
415
416
427
414
405
411
400
345
346
357
347
333
347
348
536
559
558
552
557
556
532
525
444
443
427
414
433
476
492
505
490
479
490
481
502
514
492
490
502
502
502
518
522
508
493
515
529
487
487
515
514
496
500
493
505
481
500
487
475
475
472
488
447
408
398
378
373
380
380
386
406
508
515
497
524
506
512
433
402
403
403
396
386
388
395
400
352
315
294
299
292
281
304
279
278
302
285
287
281
270
268
264
500
475
496
478
489
503
474
501
496
463
483
457
460
456
478
472
439
360
329
302
321
305
369
454
456
455
385
280
285
293
294
294
341
285
384
476
465
451
458
381
464
458
461
478
466
465
469
470
451
462
471
477
481
480
471
466
475
450
447
414
329
330
301
304
315
305
302
334
363
359
358
363
369
367
376
463
456
464
449
460
338
346
362
375
379
364
365
390
374
365
361
343
372
357
391
476
466
451
395
388
391
395
376
356
304
316
339
354
341
324
337
321
333
331
317
338
314
296
297
279
270
295
298
297
289
297
281
281
290
283
295
293
300
292
315
320
340
324
313
327
334
327
314
300
312
295
294
305
294
310
307
309
299
295
293
289
298
304
290
300
281
290
291
310
291
489
496
512
496
503
519
497
489
492
389
385
361
391
392
377
382
381
394
368
358
352
338
329
326
357
302
293
300
298
298
294
307
301
282
305
296
266
230
233
216
227
228
240
226
235
347
389
389
384
393
401
381
381
387
383
307
281
273
267
258
237
244
266
282
470
550
556
540
440
437
448
426
429
436
365
341
345
331
329
350
344
354
348
350
365
351
356
432
459
453
471
463
458
461
387
381
395
381
359
378
362
367
326
327
320
313
333
319
327
335
293
289
278
280
295
299
311
307
298
302
310
304
339
325
353
384
382
381
379
379
378
390
375
379
387
425
487
471
490
453
395
397
384
384
385
375
369
346
357
337
341
347
341
344
335
324
310
323
325
304
324
311
307
300
309
295
310
305
271
276
279
293
299
335
337
328
331
340
327
324
344
332
322
335
319
293
276
303
294
297
299
294
320
294
309
280
298
285
330
355
367
361
373
366
363
379
363
364
358
375
379
374
346
368
371
364
368
362
414
460
456
463
415
366
364
370
382
374
356
357
378
372
367
414
463
451
455
369
373
368
365
315
316
303
304
310
292
376
495
509
499
496
458
380
358
335
297
254
282
271
300
341
277
277
296
303
302
348
519
530
514
530
540
526
497
426
414
408
410
357
311
308
321
325
342
374
537
558
502
510
531
550
535
524
478
341
347
349
343
344
343
336
347
341
339
328
335
338
331
344
345
462
544
562
554
549
537
531
517
510
532
545
523
542
531
539
476
406
424
446
537
466
538
526
534
534
534
540
539
469
422
424
408
400
313
316
312
320
301
358
518
512
503
487
441
428
340
355
325
434
543
547
530
458
446
445
448
456
448
458
480
431
436
334
334
285
280
285
287
274
286
304
304
432
512
404
319
321
309
308
310
317
297
300
301
314
386
441
327
327
314
309
355
363
372
376
356
364
426
452
439
426
443
445
436
435
349
356
349
369
338
336
356
334
472
559
581
522
438
444
435
491
487
493
480
500
479
491
420
396
377
389
358
357
377
348
343
312
309
306
319
322
358
343
314
307
307
327
329
317
291
279
284
296
278
294
296
317
298
312
317
327
459
535
505
441
375
377
377
360
328
317
315
420
440
465
437
455
450
453
497
509
518
436
416
409
417
398
419
419
418
405
412
414
411
408
413
400
412
406
453
501
494
499
488
482
480
488
482
442
355
313
325
315
274
287
278
277
266
266
274
276
274
357
334
347
345
363
347
339
371
430
432
427
422
417
344
306
317
308
317
302
316
309
310
433
492
467
461
463
482
452
392
420
372
326
272
283
297
283
290
276
206
207
222
201
206
266
418
431
418
429
435
431
432
431
415
448
505
486
492
435
434
414
396
392
399
424
422
418
422
411
427
423
466
525
507
480
323
345
296
392
434
434
455
424
436
432
450
468
506
499
500
503
493
423
427
502
526
508
520
508
471
482
417
348
352
325
337
341
420
454
458
454
457
477
508
500
506
517
513
537
522
518
516
479
446
445
443
442
451
448
455
449
450
445
464
459
453
443
462
451
449
448
457
440
454
451
460
452
447
454
442
452
456
454
449
454
449
451
449
459
448
459
447
455
439
442
431
416
426
427
429
435
380
378
383
392
444
443
404
412
408
422
461
373
328
300
275
288
285
280
287
282
292
288
293
291
457
490
487
462
461
470
500
465
473
490
473
479
468
486
437
356
360
357
340
361
351
433
409
407
306
307
299
297
297
297
306
312
545
555
546
509
459
456
449
410
410
445
426
438
450
443
437
442
424
405
388
382
370
451
509
494
472
439
460
448
463
460
448
449
458
375
365
377
358
363
355
336
338
334
357
306
235
255
261
264
275
287
293
294
327
568
515
510
506
499
480
466
470
532
536
523
550
533
537
537
540
534
465
467
449
456
467
387
324
333
332
338
402
403
457
474
466
465
462
464
456
462
469
424
410
439
492
493
498
480
489
482
493
456
441
423
429
433
425
428
424
416
451
477
434
443
441
449
425
431
417
399
409
407
401
431
475
450
462
457
452
465
440
434
390
383
375
382
449
466
485
471
462
437
425
459
441
460
439
436
444
436
481
500
515
511
501
447
369
373
415
359
365
380
366
353
364
382
399
478
475
473
391
375
352
345
357
337
304
296
272
282
300
315
312
319
302
359
379
383
380
385
389
381
375
394
399
393
408
421
511
515
504
507
503
500
494
515
514
505
499
507
509
514
516
501
442
427
427
436
438
442
428
449
432
439
383
321
325
458
536
529
508
509
473
427
399
414
424
414
424
479
478
489
449
409
399
407
412
411
391
397
404
456
466
469
463
448
464
466
460
393
375
367
376
376
371
431
461
469
460
451
457
459
432
383
386
377
342
338
281
272
280
268
274
274
267
254
265
254
262
273
273
280
259
264
274
256
263
263
292
270
269
261
270
265
271
268
259
270
532
555
566
558
563
548
562
557
533
556
548
543
527
526
535
542
470
456
442
454
462
467
462
462
455
455
465
457
466
458
459
455
464
458
454
463
464
473
466
498
480
549
540
495
460
461
468
462
452
466
465
416
371
365
378
374
389
374
370
375
365
364
343
283
291
295
289
289
276
293
307
301
368
308
315
328
364
360
356
368
360
366
378
434
492
491
485
496
458
463
446
452
445
427
438
387
342
347
356
352
346
356
354
352
334
347
378
381
373
380
372
370
378
381
378
393
467
477
464
460
460
469
364
386
381
381
382
367
373
368
358
342
338
334
347
324
327
335
317
311
329
319
296
277
289
281
290
292
306
277
286
283
275
343
365
356
372
464
473
465
461
472
460
450
455
448
440
445
419
357
353
366
362
337
296
302
301
293
304
289
291
296
273
278
288
288
301
287
292
312
290
294
363
377
397
389
353
374
370
378
383
391
447
450
451
450
405
397
413
498
497
499
497
498
483
474
479
477
483
475
477
467
469
476
472
474
463
470
468
458
467
472
465
468
464
427
401
394
387
356
322
327
315
335
306
293
341
316
324
320
315
329
317
335
310
324
332
314
329
333
316
318
343
346
317
323
313
336
318
337
325
323
304
326
317
332
347
337
328
305
326
328
327
335
317
333
329
335
331
325
318
342
341
357
367
371
375
357
357
413
546
566
560
566
535
506
492
390
335
346
348
349
373
453
445
428
445
428
443
437
433
429
440
426
444
472
472
477
491
511
494
501
484
496
491
495
492
505
506
495
488
483
451
390
389
399
400
384
398
433
413
399
415
409
420
380
335
346
346
334
335
339
336
326
325
316
319
330
288
273
272
273
271
287
272
274
289
287
306
272
278
286
297
280
306
293
296
285
290
407
494
489
486
504
495
422
400
383
396
373
393
333
281
263
273
294
298
285
292
276
288
296
330
393
389
316
274
295
285
287
296
295
285
296
289
278
279
281
319
375
400
465
466
463
464
478
455
460
455
444
445
456
446
435
375
360
364
366
353
364
369
336
366
353
357
352
351
341
367
353
344
341
355
356
354
362
354
353
362
480
457
465
489
467
468
460
459
410
422
411
413
422
422
416
435
414
405
510
534
532
415
344
336
399
412
392
417
400
408
424
435
427
432
430
455
440
507
491
499
478
503
503
480
473
478
476
479
507
501
489
509
489
489
468
472
491
475
476
491
501
488
500
442
432
436
424
436
430
444
436
427
421
436
427
427
425
437
433
359
312
324
322
328
317
325
318
318
515
533
545
552
537
574
506
496
500
486
480
495
490
494
476
483
481
486
485
485
483
492
488
480
496
490
488
488
389
389
365
380
371
386
361
349
346
367
397
403
387
409
374
390
386
375
346
378
340
342
350
355
344
349
368
394
371
373
382
379
369
380
383
380
384
380
377
387
418
514
486
513
491
496
493
498
513
505
502
502
505
492
494
496
505
500
444
438
425
435
464
446
442
447
431
454
454
455
428
449
444
447
438
446
442
458
443
444
393
352
342
337
344
357
375
343
338
363
375
376
387
369
376
377
369
383
380
370
377
388
378
371
385
455
511
514
502
447
414
403
398
400
401
417
411
399
389
347
356
343
335
347
350
346
340
328
335
346
338
328
336
352
337
343
335
363
337
415
348
327
348
348
352
347
338
349
354
329
346
347
325
345
344
335
328
332
334
342
326
339
344
331
340
329
341
327
327
331
334
342
331
342
330
322
332
327
303
337
325
332
324
342
343
350
366
370
426
499
492
489
493
509
507
501
507
507
495
457
462
427
361
350
329
366
336
352
338
351
340
348
338
329
315
369
436
428
433
418
446
438
452
422
415
452
431
457
439
457
453
458
461
462
460
445
458
455
481
512
528
528
534
535
539
506
495
476
421
421
437
423
422
432
436
424
413
420
421
427
420
415
410
419
420
424
397
387
410
391
373
381
386
395
363
351
358
338
349
335
323
315
289
312
337
312
319
300
301
301
279
298
277
296
279
289
293
290
275
275
269
284
291
277
324
460
471
477
453
479
466
463
442
468
467
476
471
467
460
470
477
467
469
473
488
479
476
505
499
489
513
507
515
533
519
542
498
456
459
454
480
467
375
357
351
354
355
343
345
332
337
354
350
339
331
352
358
350
359
338
359
494
471
468
485
503
449
485
455
440
432
439
448
444
434
437
443
418
419
405
396
404
464
443
457
463
446
455
447
460
456
446
460
458
482
507
479
478
425
344
326
343
319
328
301
340
343
344
355
359
352
389
443
436
430
394
378
434
479
462
473
472
484
488
458
433
421
419
428
412
421
415
396
396
496
472
462
490
479
475
470
464
473
473
459
468
474
462
463
465
449
460
470
455
465
454
435
421
426
504
480
465
508
481
413
393
391
407
405
432
464
456
463
470
475
465
465
467
471
415
360
366
473
450
458
469
522
522
525
514
507
497
499
532
455
431
444
428
438
435
435
439
437
430
439
434
434
419
419
428
414
411
405
421
431
418
384
391
391
386
394
389
396
398
386
395
400
393
420
485
496
493
483
482
419
387
383
373
366
364
360
327
273
277
271
282
289
264
285
304
424
495
497
467
432
427
424
425
430
429
443
477
461
474
489
476
474
426
363
365
346
340
317
304
316
320
347
353
356
347
359
351
358
363
360
435
436
441
438
429
405
379
403
451
437
427
443
439
436
470
476
473
408
398
408
396
399
393
393
439
473
454
399
380
384
400
388
400
386
439
456
470
457
473
447
464
463
440
448
441
466
447
445
448
440
472
462
474
464
456
469
449
440
458
453
456
450
448
450
441
447
450
440
453
451
449
457
471
473
464
459
469
458
454
466
467
470
482
473
466
467
485
477
482
475
465
457
457
456
454
470
444
443
449
446
447
454
444
441
474
541
515
518
526
507
509
508
433
389
375
354
342
332
324
330
356
350
351
330
329
307
333
311
314
318
326
322
314
324
306
326
370
388
385
390
376
372
384
391
391
376
396
390
378
378
390
390
391
388
386
382
450
468
468
474
451
341
344
375
440
448
458
449
441
427
351
336
324
328
335
333
329
335
355
344
430
474
495
491
481
470
471
479
464
471
482
421
418
408
417
444
481
462
460
474
469
462
477
460
428
428
411
416
414
408
413
361
361
354
359
348
263
259
280
268
276
293
272
291
281
330
314
325
328
321
326
321
318
317
413
499
538
533
413
361
374
356
356
346
339
337
338
335
338
343
342
356
343
345
341
341
345
341
352
350
416
472
478
471
484
482
468
439
449
445
437
433
434
438
445
434
429
458
441
434
428
421
296
296
295
308
316
304
293
304
310
320
310
268
273
281
266
277
280
353
512
510
516
511
509
509
501
512
522
505
500
496
523
520
510
508
505
502
512
500
504
383
356
340
352
365
366
360
349
329
331
342
376
343
466
536
502
481
507
412
334
347
349
354
330
369
520
577
562
544
559
570
479
418
419
436
435
420
419
403
423
431
509
519
534
529
512
511
494
489
506
410
390
391
363
370
385
318
306
303
309
307
310
319
314
314
305
274
260
269
272
298
372
372
380
390
401
426
456
457
472
459
435
403
302
307
443
321
314
319
356
384
369
449
305
298
299
293
289
468
447
460
480
523
529
528
525
527
530
533
518
517
518
472
479
475
476
473
464
458
457
462
468
456
453
462
457
450
456
385
359
286
273
279
278
300
356
370
471
467
459
447
436
449
439
442
448
360
337
319
324
336
337
344
330
335
361
359
372
371
377
371
380
357
376
374
376
348
343
349
341
322
336
366
354
364
358
356
363
364
360
358
362
363
362
350
356
366
387
471
484
479
493
493
489
475
485
487
480
489
498
488
469
484
487
484
460
459
451
443
448
448
456
432
458
451
460
448
458
448
456
458
454
452
444
424
419
430
419
407
418
426
421
418
416
419
429
427
419
434
424
417
421
418
427
447
427
431
522
498
499
496
474
483
485
409
402
403
420
402
397
402
474
495
487
482
490
427
413
420
409
489
501
499
490
487
479
493
497
483
483
486
482
500
481
475
496
488
503
486
484
493
487
492
489
466
457
435
446
431
427
430
424
441
445
422
344
321
344
337
337
318
314
283
274
285
265
268
273
281
296
276
314
285
321
268
296
407
487
483
494
468
506
493
496
504
499
497
496
476
473
446
458
392
353
360
361
381
372
342
495
487
492
490
401
346
347
344
348
348
371
447
440
449
457
460
454
440
393
368
360
375
355
305
288
285
298
285
295
264
293
284
285
284
288
292
296
304
460
487
454
458
461
465
450
326
320
308
320
300
315
312
314
301
306
270
298
285
303
299
534
552
566
560
553
543
537
514
459
451
453
448
480
462
459
468
463
460
443
446
429
440
441
430
460
457
467
448
465
459
475
475
474
462
437
423
415
427
411
404
423
416
425
421
419
422
428
453
460
448
441
450
452
446
435
457
444
442
442
394
388
389
401
383
394
372
377
380
386
385
376
383
378
441
434
423
426
338
303
360
397
314
309
315
307
313
294
310
299
338
475
490
490
476
491
496
470
478
473
410
410
404
416
401
416
428
416
411
404
408
416
409
413
411
422
411
420
416
395
410
420
401
426
420
418
404
404
438
462
459
469
457
469
480
460
468
470
477
457
457
471
475
465
464
444
444
410
343
334
341
347
339
356
346
328
321
285
331
303
295
282
284
279
277
284
284
290
282
272
294
269
458
471
506
486
494
501
498
499
474
450
404
394
389
386
390
385
384
407
466
469
481
454
463
463
461
463
471
462
463
462
471
457
450
480
461
449
343
361
352
350
360
360
369
340
344
225
234
237
254
265
239
235
243
268
334
464
467
463
478
470
488
474
467
456
466
454
414
419
424
428
464
488
506
499
507
508
497
498
494
484
485
398
373
384
368
369
358
348
363
367
372
367
364
357
422
376
351
360
359
350
292
268
343
355
337
394
484
481
536
495
459
419
440
452
327
328
325
329
319
297
306
340
362
346
363
361
370
450
456
471
470
459
459
452
455
455
460
470
456
445
462
480
445
450
456
458
490
494
489
508
494
480
476
466
363
367
354
378
366
360
368
385
386
373
362
370
372
381
368
381
370
376
383
387
481
500
500
501
484
492
480
478
481
475
464
474
463
453
437
446
455
442
470
469
481
469
476
488
480
497
487
495
485
486
486
487
468
402
443
482
491
481
496
489
485
475
453
469
394
370
354
356
340
344
362
362
372
387
497
489
488
487
472
435
440
436
437
446
447
436
428
434
434
432
436
441
455
462
475
459
377
321
461
468
496
484
497
503
497
504
506
499
502
456
391
366
369
358
340
365
365
359
339
333
336
320
341
339
332
332
307
298
307
311
329
326
330
350
333
334
309
294
313
302
321
283
296
291
269
297
291
288
287
281
295
327
332
330
327
343
344
441
445
427
434
431
427
431
430
424
434
455
461
445
447
457
396
329
330
310
332
325
326
321
317
384
435
419
324
305
314
364
359
361
370
404
443
458
472
445
374
378
347
473
481
481
477
444
407
433
376
346
341
317
291
273
279
284
281
273
287
284
331
392
387
373
354
359
395
377
499
483
498
517
501
498
501
488
479
498
483
436
419
440
435
428
430
427
430
426
379
349
352
543
604
588
592
591
586
498
490
489
494
497
476
486
492
486
476
479
479
494
457
365
361
371
363
368
371
362
377
373
373
385
438
427
434
422
472
514
509
493
517
501
476
458
487
472
392
382
394
400
402
415
428
411
401
417
403
524
579
558
552
564
554
568
517
486
480
465
475
487
475
474
478
479
489
485
481
385
384
388
380
384
379
366
397
407
403
404
414
418
407
441
487
503
512
490
501
495
484
474
482
421
382
375
365
360
361
382
356
361
365
367
398
381
378
375
392
397
391
395
454
469
471
475
467
454
472
458
471
458
391
472
466
451
528
520
505
509
532
478
463
442
448
451
445
459
449
449
448
528
512
472
432
416
353
370
374
362
356
360
378
397
383
402
450
474
472
480
454
436
463
455
451
462
452
454
462
466
472
459
442
428
411
421
431
427
424
409
431
421
414
429
466
496
495
508
487
490
500
415
393
389
352
350
348
332
352
338
342
382
380
426
440
441
443
438
364
369
362
520
577
575
572
563
601
597
575
589
586
579
594
561
583
575
567
572
579
593
585
516
445
462
454
446
455
452
471
476
467
454
416
413
429
416
411
413
459
491
488
497
479
497
483
490
495
481
481
458
453
439
434
445
353
358
347
346
497
483
478
474
490
490
483
493
489
486
482
476
485
473
484
479
478
489
481
481
480
471
476
490
489
484
480
480
483
486
487
488
486
483
481
487
479
476
483
487
493
490
438
441
422
397
385
405
397
398
398
381
406
378
376
385
418
507
498
531
509
495
491
487
502
518
510
506
491
507
389
381
343
355
362
367
231
243
252
436
431
435
448
439
437
422
434
448
457
507
505
490
510
509
498
503
507
506
511
510
501
488
499
493
460
433
437
461
443
443
444
439
520
525
457
448
447
441
434
428
401
433
428
433
423
429
435
432
425
421
421
439
417
447
470
511
508
516
508
501
484
401
375
414
417
404
412
421
394
409
335
329
326
313
280
279
281
291
273
274
283
285
279
315
321
326
328
326
313
326
319
321
325
314
325
323
314
319
327
328
325
318
318
331
331
332
321
322
310
328
352
375
373
391
391
407
413
384
411
392
402
414
456
543
536
514
538
508
477
455
472
468
475
459
461
392
368
366
374
380
371
367
366
354
399
466
463
477
449
469
452
442
432
475
463
437
454
455
455
450
457
465
464
451
446
460
459
455
463
378
335
367
335
351
351
344
346
429
488
503
500
520
497
344
346
483
442
348
350
420
494
470
498
494
510
483
397
399
393
403
412
410
401
404
400
405
400
409
403
370
359
358
354
363
358
366
368
361
306
303
318
308
304
308
271
228
236
234
272
278
283
299
322
306
310
320
336
578
578
563
591
583
590
577
575
581
577
594
574
571
559
469
397
385
386
419
421
425
406
417
411
453
433
436
423
442
432
440
431
430
424
531
527
530
532
530
528
524
454
455
416
442
428
431
426
420
426
427
447
433
429
322
321
311
312
304
316
303
330
437
436
431
450
467
518
521
523
524
514
474
471
472
486
477
449
441
444
449
459
463
465
464
475
471
461
449
442
456
447
441
363
368
373
375
361
377
369
368
366
353
365
368
361
356
397
406
369
386
377
393
392
396
392
409
387
398
388
381
381
375
388
381
394
391
381
398
376
386
398
386
447
485
493
492
493
495
372
360
356
337
335
353
336
348
332
298
304
313
317
307
468
473
467
463
442
429
430
433
414
429
428
424
425
425
449
464
457
456
444
399
338
320
335
317
334
332
320
318
317
362
367
380
376
402
479
470
500
475
496
446
456
478
487
491
478
461
491
472
494
491
493
478
488
477
487
487
476
482
490
483
455
387
389
398
358
360
330
348
323
344
310
296
278
277
275
298
273
288
331
318
328
339
333
463
474
406
329
441
474
458
478
464
470
482
474
468
493
489
487
474
462
470
471
481
470
471
479
456
458
462
469
470
475
474
480
489
472
479
464
438
370
396
390
375
370
374
377
380
371
385
370
368
427
494
481
497
467
472
425
367
390
390
375
324
330
327
320
301
314
331
329
338
323
329
323
317
316
323
323
327
322
296
287
278
283
283
258
286
298
264
267
300
295
324
313
290
290
314
267
277
312
282
298
298
279
239
294
315
283
272
268
275
270
305
372
285
283
303
333
343
337
369
330
349
325
390
354
329
335
334
370
385
360
344
380
451
444
439
458
455
439
449
457
440
458
451
461
428
444
449
459
472
435
457
460
464
467
432
444
448
462
448
428
449
456
438
426
423
456
446
454
446
401
358
398
456
457
446
441
431
376
375
364
373
366
358
352
339
370
373
365
361
360
382
372
358
362
351
437
468
485
475
477
475
461
458
471
482
495
479
488
486
433
398
426
488
469
467
469
463
449
381
374
383
384
371
401
383
386
317
319
326
326
334
333
307
299
290
275
270
259
257
289
263
305
328
369
383
526
635
612
608
617
632
608
604
604
495
467
464
462
537
490
529
537
522
528
525
524
528
521
531
534
524
535
566
516
525
523
521
522
517
456
507
514
534
523
526
537
518
508
504
523
453
436
431
424
431
416
410
441
474
474
492
486
399
402
374
397
394
379
383
342
383
395
382
331
324
337
322
321
321
270
281
288
277
277
287
279
272
275
274
268
267
338
319
326
346
344
339
347
340
354
361
415
507
503
486
484
481
462
457
460
452
456
466
462
455
517
508
505
502
413
335
341
372
389
370
383
371
368
380
378
376
369
382
389
374
366
379
366
384
376
375
381
375
370
376
374
378
463
448
446
464
458
463
464
462
469
462
463
466
469
457
468
453
448
484
464
460
452
440
440
438
387
344
336
341
336
335
342
345
351
326
398
483
511
405
349
356
343
355
362
352
360
338
353
335
346
334
352
353
343
343
346
358
355
353
379
464
458
453
456
452
465
465
466
465
468
444
472
470
433
436
436
426
428
486
503
495
487
479
471
443
456
509
497
457
482
480
475
476
483
331
317
317
350
321
325
336
316
317
363
372
375
378
370
434
496
489
477
484
491
467
401
387
390
385
381
389
385
364
369
375
375
364
364
315
311
299
313
306
298
313
307
309
307
299
299
313
309
305
302
316
317
310
351
356
362
359
359
364
369
377
372
380
380
429
440
448
365
380
378
374
389
378
363
376
377
363
356
365
369
430
458
458
468
440
424
379
383
385
428
448
459
460
456
461
457
449
457
455
466
461
463
413
385
385
379
373
386
390
388
401
388
381
381
375
385
389
372
381
380
394
379
385
484
483
487
498
490
494
458
453
446
451
448
462
458
444
438
454
439
461
450
441
440
426
447
450
450
453
453
471
450
443
468
451
445
457
446
441
440
440
465
445
449
452
454
443
452
453
444
455
446
446
448
438
435
447
433
456
436
429
441
440
432
443
449
439
451
439
434
442
449
448
464
442
438
446
448
453
458
453
458
462
439
437
441
458
452
435
445
450
444
436
444
453
453
444
434
458
464
456
441
431
454
448
437
455
456
468
453
452
461
452
453
449
453
459
428
449
454
442
432
438
455
434
440
454
450
439
453
479
510
539
545
570
566
518
534
524
514
513
535
528
508
527
548
547
533
528
556
541
539
536
529
515
534
513
524
547
523
536
514
534
545
530
523
528
556
541
569
536
525
554
507
446
425
379
512
494
508
387
355
366
349
312
305
342
333
317
329
320
335
334
318
322
328
317
326
323
336
341
324
327
333
336
317
334
334
329
324
326
337
328
316
323
340
349
329
340
342
355
344
353
345
359
355
349
337
352
340
327
340
352
349
379
352
356
342
336
354
342
352
342
345
323
346
348
331
341
356
353
338
337
336
341
347
344
328
356
394
388
392
407
401
392
395
419
399
411
418
422
439
459
493
510
529
456
510
402
476
538
604
469
449
458
519
465
463
390
425
460
477
447
500
445
514
515
459
459
425
488
549
617
615
640
573
558
552
446
506
479
446
503
469
433
473
469
496
419
416
396
404
401
423
398
360
397
447
445
524
613
619
544
583
593
602
634
675
684
640
658
702
665
710
673
696
678
693
636
681
676
699
660
664
665
712
678
675
648
664
717
681
717
695
744
719
679
648
688
690
701
697
682
668
661
657
678
663
653
625
602
635
661
660
669
614
625
641
641
628
645
636
683
647
623
653
653
609
594
627
665
679
668