448
437
478
448
456
464
471
460
443
446
462
451
447
448
449
451
440
439
440
451
463
463
445
454
444
443
431
432
444
429
433
446
445
435
423
435
451
474
465
600
699
640
494
480
486
481
479
448
419
419
402
381
354
311
335
352
400
413
414
412
404
411
409
399
415
415
415
415
411
412
402
419
414
410
428
405
486
491
469
458
465
441
553
659
661
674
685
673
677
652
608
611
672
658
575
595
598
619
584
621
632
626
623
617
552
522
555
549
553
554
614
557
412
395
412
408
405
401
403
408
388
378
406
396
385
488
477
481
474
464
447
356
387
371
381
368
369
383
372
357
385
376
484
496
458
451
471
463
423
408
403
428
399
377
392
387
365
398
380
456
465
453
451
447
499
503
485
502
490
493
502
495
496
485
484
450
452
414
419
430
385
279
257
269
277
268
271
269
262
267
277
266
275
282
339
426
420
416
453
437
466
523
537
505
469
461
472
469
464
468
477
467
480
481
473
472
482
464
466
463
468
464
394
348
357
333
341
335
297
263
277
265
269
278
279
327
467
467
474
484
489
449
414
422
419
419
440
453
456
450
445
454
438
443
409
360
356
357
356
432
484
492
492
380
347
330
330
345
346
348
428
492
475
482
491
471
477
473
486
510
499
482
481
389
499
487
491
460
395
408
411
401
409
449
471
477
473
474
476
549
513
517
525
503
538
537
515
490
439
430
434
445
440
436
428
398
391
375
404
377
385
374
380
322
327
322
331
369
380
375
390
369
381
390
386
378
420
471
477
488
478
467
486
458
458
474
457
450
440
460
382
375
368
382
384
398
522
509
470
469
476
469
493
483
483
472
472
463
421
413
386
355
351
346
361
350
356
408
448
437
456
458
426
439
455
435
436
435
442
434
434
438
418
396
391
399
403
395
397
391
388
382
393
384
395
439
470
441
392
379
390
380
400
375
381
391
393
396
436
474
473
481
464
420
481
373
384
385
381
387
389
392
388
413
406
387
382
360
320
338
377
382
391
390
386
402
426
455
439
445
386
380
369
388
396
393
373
373
364
387
374
374
393
368
370
362
356
365
361
357
360
354
384
381
361
358
379
386
386
385
368
345
364
364
365
354
373
367
365
353
355
369
363
382
364
373
391
356
362
358
372
375
385
360
360
349
370
378
376
359
383
379
366
383
375
381
407
445
445
421
381
391
379
370
386
383
376
365
377
370
392
381
374
377
388
379
393
375
397
376
386
370
379
393
430
382
392
391
391
380
392
394
384
398
497
493
486
486
492
482
477
469
496
390
377
402
402
409
375
394
385
391
408
409
392
393
394
385
450
502
504
501
496
491
501
504
510
506
507
480
472
484
447
408
405
417
420
410
417
422
414
416
421
408
385
399
390
367
370
360
368
350
353
355
467
462
485
471
477
480
480
480
475
474
484
493
487
494
487
353
361
399
357
352
353
350
343
327
329
333
336
289
253
253
269
259
254
259
263
285
307
309
304
266
294
287
279
310
377
364
366
381
367
358
380
414
482
494
476
482
498
474
449
450
452
451
447
443
485
503
517
509
510
495
498
499
494
495
408
394
372
364
383
391
399
398
387
377
390
377
398
381
397
388
408
448
453
472
461
457
463
458
466
454
465
449
451
457
450
464
419
414
467
458
447
438
459
440
443
440
446
464
482
495
496
492
488
500
500
389
381
361
383
377
383
376
370
372
369
363
369
370
380
371
373
374
367
366
348
356
375
367
361
312
335
325
323
323
319
318
314
302
319
329
324
332
322
317
318
340
316
317
328
324
320
313
315
328
321
314
325
320
318
314
316
310
326
329
310
325
326
318
337
500
538
512
534
533
514
542
503
519
520
509
469
475
476
425
409
404
399
393
505
548
535
568
545
534
540
536
545
538
550
552
538
554
471
394
399
375
356
368
379
371
385
385
390
386
392
381
415
441
442
437
438
442
448
451
446
454
454
453
451
445
445
450
434
441
443
447
432
440
430
425
426
428
421
427
459
480
484
472
496
493
496
494
478
482
498
450
435
442
433
427
427
420
439
496
544
554
542
533
536
501
508
517
508
398
393
389
389
507
503
505
501
490
497
484
458
412
415
405
395
396
364
352
350
335
352
340
357
331
344
341
351
351
341
356
351
353
353
354
359
349
353
355
353
346
346
342
352
339
400
339
345
346
441
478
469
462
490
465
465
474
473
454
467
447
444
380
394
388
385
387
392
384
389
375
412
479
480
470
476
480
494
493
480
461
481
484
481
480
475
478
465
478
486
475
478
473
489
485
478
488
487
466
465
455
476
450
353
327
424
463
479
456
486
448
329
310
324
321
294
312
307
320
504
599
600
607
603
593
597
575
549
481
484
469
490
475
483
467
436
419
427
419
422
514
540
525
521
522
502
534
531
516
527
508
542
521
533
510
537
501
513
520
530
525
516
535
516
425
412
418
434
414
415
413
399
400
416
420
424
411
404
417
437
422
445
435
468
487
479
483
483
466
413
421
415
419
407
410
413
408
413
449
482
468
471
484
487
481
480
463
490
476
468
457
478
488
496
488
480
460
474
466
477
388
370
374
378
375
368
394
422
384
383
479
468
482
490
476
477
479
505
495
481
485
475
482
502
492
478
458
469
476
466
483
535
553
548
539
544
539
546
540
536
539
541
529
532
520
539
528
543
554
554
506
475
473
476
472
411
397
386
390
379
368
370
473
478
454
390
319
312
318
313
324
315
328
333
318
324
319
327
337
329
323
499
576
584
578
586
593
578
555
558
560
574
559
574
579
577
577
572
571
574
575
603
562
575
568
571
554
553
537
553
557
472
440
456
435
423
420
460
460
462
447
354
358
349
349
354
349
348
347
362
346
342
350
329
340
334
338
348
348
357
357
336
364
382
376
376
381
391
388
403
375
411
368
380
369
414
450
451
444
448
436
426
425
426
437
443
420
425
426
431
423
419
423
431
420
431
421
423
428
416
433
410
422
495
519
530
518
525
517
517
519
503
501
504
526
523
530
540
506
499
506
503
500
461
409
413
413
396
411
399
380
391
366
379
385
384
380
384
380
391
380
370
369
375
375
379
376
376
359
381
368
438
429
437
430
438
362
343
348
537
576
577
554
383
378
394
387
399
378
374
424
366
293
259
260
261
265
275
251
273
279
457
449
460
460
462
463
465
470
456
459
462
462
465
463
480
465
475
463
465
496
544
521
539
529
547
530
527
535
527
528
519
532
519
468
430
436
429
434
412
368
363
361
373
359
352
336
518
578
587
574
590
577
591
572
580
572
563
572
587
577
581
577
578
586
557
564
577
558
469
479
488
467
481
483
484
476
483
476
485
485
491
483
494
477
494
485
497
492
490
504
504
500
501
502
509
515
516
523
503
518
521
506
523
506
531
518
518
507
513
448
433
428
434
423
421
434
438
439
449
437
438
436
413
432
427
419
430
356
349
347
346
350
360
347
342
342
347
336
507
567
552
546
543
541
527
503
448
433
434
444
429
463
461
448
452
448
438
440
391
394
395
395
391
396
398
517
512
510
507
518
523
512
511
520
498
463
397
409
385
375
317
296
298
297
301
286
302
335
363
297
292
299
304
306
289
298
302
298
324
332
332
332
336
326
323
307
311
299
323
340
410
404
415
407
425
412
445
514
516
509
446
426
435
426
418
420
417
401
451
459
454
460
463
437
460
441
453
448
451
428
430
443
424
431
430
441
452
377
388
367
384
370
378
373
386
383
388
371
376
373
389
441
503
492
474
463
464
464
467
464
458
446
445
452
449
441
431
457
524
514
522
521
532
530
528
540
533
520
521
525
534
530
525
505
523
515
512
479
422
419
425
430
422
413
411
409
358
361
360
357
359
356
356
351
371
360
345
350
346
409
412
419
410
408
386
389
398
407
403
408
417
392
426
485
484
471
400
418
474
464
491
422
392
387
339
315
337
320
343
328
334
331
343
330
326
324
329
334
339
332
358
386
394
386
385
383
417
393
455
483
500
489
502
493
498
487
448
426
437
440
441
420
423
436
513
518
511
503
502
489
449
447
431
453
422
418
444
470
468
447
447
456
459
413
414
430
448
360
318
327
334
327
305
283
283
285
290
374
496
485
496
492
498
489
486
481
469
455
429
477
485
487
507
484
494
484
482
496
481
468
468
478
485
491
479
463
401
412
411
400
414
406
407
394
395
384
390
371
353
348
336
332
343
342
332
339
316
304
306
294
313
332
323
296
384
384
393
423
423
424
432
387
415
411
430
448
447
401
369
367
373
364
374
374
439
544
540
510
549
527
529
528
499
497
451
368
370
372
364
365
360
454
550
542
550
487
436
426
434
414
418
421
417
462
519
507
531
537
485
509
499
506
456
369
372
376
374
346
509
522
503
530
517
514
508
477
408
419
410
413
428
443
432
432
457
504
515
480
518
508
423
407
415
428
423
413
417
400
422
428
522
501
521
514
508
487
490
480
485
472
483
484
486
476
494
483
483
477
478
480
481
482
483
445
383
380
387
372
406
381
381
321
299
306
319
292
293
320
360
367
380
423
434
522
567
557
564
564
538
545
521
443
434
447
449
427
442
439
464
433
448
424
427
429
434
472
487
471
475
483
471
483
478
455
476
470
478
456
468
434
449
430
402
404
423
420
410
391
397
403
412
388
408
409
400
405
407
416
373
350
355
345
352
430
443
432
434
422
439
439
444
462
446
438
420
375
369
382
371
380
382
380
384
387
396
389
386
394
444
516
518
508
541
515
526
542
550
496
476
482
465
443
450
436
462
440
461
459
485
480
480
479
483
451
448
456
452
448
442
448
449
436
451
449
539
535
508
513
505
512
502
511
502
431
391
367
390
388
388
377
382
367
360
362
377
366
369
375
366
390
373
373
380
360
380
382
411
377
429
538
531
544
549
550
546
505
403
395
391
386
393
385
410
385
440
431
443
451
446
463
460
452
432
452
491
453
456
455
447
443
435
441
420
357
369
377
378
440
541
548
557
526
522
436
386
383
366
359
492
537
513
512
524
494
491
490
483
451
382
391
408
373
503
499
484
380
396
360
376
365
393
385
395
387
374
381
387
386
381
386
383
390
392
390
378
389
389
394
393
394
390
383
389
400
393
382
383
392
385
380
370
369
363
400
546
532
539
534
540
547
560
535
522
541
526
528
460
452
467
460
435
422
445
441
452
399
397
387
428
511
512
496
504
451
462
456
461
452
459
456
456
445
455
458
448
453
467
451
434
443
494
478
492
476
472
474
478
465
496
481
511
495
456
438
453
444
483
503
509
490
497
496
513
492
498
450
461
455
482
459
469
471
471
470
451
453
345
338
341
367
390
376
395
381
387
399
402
491
515
498
506
487
447
415
417
411
386
337
341
353
335
356
391
413
412
402
512
530
528
527
539
525
531
414
406
414
408
398
384
380
386
382
407
400
425
408
413
410
422
414
412
415
417
409
413
413
417
438
514
490
476
481
514
490
493
501
488
500
497
495
497
491
492
496
491
496
504
495
448
440
448
472
484
453
445
436
457
454
463
467
467
462
467
464
458
467
436
383
399
383
373
368
574
586
583
597
586
584
550
477
497
495
500
503
510
491
490
501
507
514
518
504
494
494
502
499
505
504
519
487
445
442
419
386
396
373
378
367
358
356
374
413
409
392
427
403
404
416
487
493
502
501
506
516
522
494
497
383
399
385
375
375
418
410
409
418
434
494
500
507
408
384
376
365
365
368
373
373
365
373
374
372
379
381
357
356
364
349
352
352
341
354
357
346
335
355
346
357
505
481
497
488
495
404
377
394
375
382
368
360
366
370
390
392
382
384
374
382
391
383
387
515
523
526
527
517
529
503
538
521
521
511
514
490
501
486
489
484
501
498
488
483
496
364
395
383
384
384
365
374
342
344
333
326
339
345
345
346
357
354
350
353
359
341
385
604
597
491
429
467
464
484
458
474
471
465
471
451
473
455
464
476
467
444
469
422
396
372
387
390
388
406
390
419
499
502
504
486
496
522
500
515
479
511
509
515
495
501
487
488
510
512
502
487
494
474
494
488
496
494
482
439
452
500
511
516
524
500
423
369
380
361
381
379
371
361
370
356
372
356
358
380
362
356
371
475
577
513
486
393
409
394
400
393
444
550
546
516
527
552
547
537
556
417
365
375
396
378
379
375
369
375
368
369
383
413
576
574
575
551
556
529
542
545
496
440
455
450
444
428
455
429
431
465
503
499
497
504
510
433
432
434
432
431
420
426
431
431
420
411
427
428
425
403
498
502
495
484
497
505
464
437
438
427
451
452
433
437
450
436
441
423
420
423
434
438
443
442
454
439
451
437
414
411
410
399
392
438
348
357
355
360
369
337
343
327
351
321
301
301
304
303
298
300
317
298
306
291
288
310
298
302
299
300
299
281
347
360
381
371
379
380
373
369
383
382
373
386
378
483
504
508
505
506
518
500
489
485
499
493
487
502
497
490
491
486
466
440
459
436
434
428
441
426
432
435
441
437
443
423
430
428
477
586
588
588
558
541
558
558
569
539
562
529
504
462
423
405
364
395
341
369
411
402
446
475
494
488
486
473
482
477
469
412
415
403
419
405
419
405
418
402
416
407
399
414
416
402
421
434
432
421
410
399
407
404
420
470
486
481
476
469
469
481
477
485
474
475
476
476
474
464
471
466
483
466
467
470
467
459
470
467
474
481
512
502
500
510
500
513
500
498
507
492
481
387
373
367
379
374
397
408
414
404
410
414
436
509
497
503
505
504
496
498
487
495
428
425
415
392
399
398
426
409
402
328
336
335
330
327
303
244
253
237
255
244
256
257
238
268
301
307
311
304
317
310
316
324
521
550
529
531
532
529
530
516
501
511
527
425
430
417
434
416
441
414
424
424
419
471
477
479
486
415
384
320
314
320
315
310
313
303
317
338
337
336
345
343
376
402
412
408
420
518
529
482
503
481
484
493
498
483
440
455
437
426
443
416
408
427
442
413
403
374
374
385
370
369
388
372
383
374
370
383
383
376
374
379
379
367
364
444
471
454
459
453
426
460
454
459
433
443
427
396
399
400
410
409
523
531
526
505
497
494
462
406
358
355
366
358
356
351
357
347
354
343
342
357
309
313
319
318
305
309
310
309
291
299
304
306
296
310
313
314
399
454
478
448
458
445
447
449
445
506
506
500
485
499
489
381
376
379
403
391
391
381
385
389
369
362
390
395
399
398
407
390
395
394
423
523
524
511
517
527
532
511
513
525
522
517
513
523
482
485
508
471
358
349
373
365
379
362
368
350
360
319
302
310
299
299
311
307
303
304
306
313
315
294
324
304
315
306
319
309
311
310
305
342
520
540
512
496
500
507
468
403
385
429
548
514
511
482
501
383
355
366
356
359
366
406
413
416
419
405
422
410
425
418
424
424
486
508
532
500
508
496
506
500
493
507
508
494
500
505
515
499
502
509
443
414
392
406
432
419
399
448
444
431
435
442
449
400
414
386
383
357
351
350
343
337
326
327
333
338
338
338
333
337
353
350
388
377
392
469
469
472
481
478
493
470
508
497
487
449
422
428
400
439
383
385
410
416
417
415
416
376
372
373
417
419
422
420
416
406
413
414
414
409
423
423
435
428
482
498
488
483
438
378
384
349
320
306
330
318
344
556
555
494
432
435
385
380
455
447
447
428
415
381
382
376
391
418
486
493
497
485
478
478
474
475
490
474
465
466
436
435
442
436
481
469
463
457
456
453
468
468
474
450
457
465
471
455
384
355
366
356
354
352
356
348
344
408
402
409
395
397
398
407
423
399
469
489
490
491
499
468
475
478
491
375
374
383
367
380
377
376
367
374
376
375
381
374
375
374
377
373
384
371
396
394
405
398
397
402
405
403
408
401
457
459
469
457
457
410
423
398
412
406
441
436
461
449
447
500
531
523
535
508
502
493
486
484
482
435
416
420
422
399
422
405
390
402
405
382
346
347
388
399
402
385
412
397
441
502
471
463
442
444
445
435
439
423
487
514
467
459
472
458
463
459
472
445
464
460
469
447
443
440
446
439
437
444
445
424
427
435
480
494
488
466
447
436
458
429
471
453
451
475
461
475
438
430
423
428
431
433
414
421
476
480
481
473
460
457
469
467
472
483
464
475
470
473
473
465
474
466
476
467
467
466
460
470
483
470
480
490
478
482
469
471
470
473
471
475
468
464
469
473
469
480
468
485
486
461
464
471
471
422
384
385
384
363
390
380
390
426
462
479
467
472
477
456
477
461
478
476
466
436
469
469
511
532
514
512
528
516
509
516
517
513
511
514
523
483
493
483
481
483
485
481
488
475
493
499
488
502
490
493
462
430
435
410
418
429
427
398
426
417
419
417
411
401
435
415
433
394
399
369
354
331
332
342
354
329
348
482
469
469
464
364
373
371
383
361
378
370
386
372
370
362
377
368
474
521
500
489
509
499
506
473
410
410
398
402
403
402
408
393
392
412
393
412
419
424
420
431
483
469
487
516
507
471
471
487
482
486
476
376
375
378
363
378
509
500
509
503
502
495
501
488
432
390
397
378
378
369
402
390
403
389
402
397
402
400
375
333
278
260
301
370
367
359
373
378
374
376
423
467
491
480
476
477
473
487
483
467
465
465
480
445
378
379
391
382
390
377
368
384
376
369
373
372
381
379
380
364
375
390
451
388
395
466
448
446
458
469
466
449
462
452
428
447
465
460
460
448
477
461
460
453
476
444
473
440
452
459
444
447
447
448
440
444
441
438
438
486
506
515
530
522
510
500
521
510
521
523
526
519
510
516
483
417
404
411
408
415
408
401
371
347
357
351
369
356
359
347
355
358
365
352
352
376
377
377
391
381
485
470
478
482
481
444
435
352
353
342
333
348
344
371
396
404
406
422
411
430
485
485
527
499
475
492
499
491
511
495
502
492
478
482
488
480
494
514
516
446
437
435
427
467
484
471
470
464
470
464
360
349
338
327
378
369
388
379
407
381
400
400
477
500
477
458
477
468
467
470
453
379
385
363
380
395
396
388
402
381
397
394
422
417
494
516
528
504
534
519
523
512
512
511
530
509
449
421
430
441
439
446
448
417
430
397
422
416
403
391
410
404
409
405
411
397
350
361
360
369
379
372
374
369
369
371
375
382
383
382
388
417
505
500
490
491
496
493
500
505
501
506
510
523
508
505
507
519
512
524
494
460
462
484
467
459
468
458
470
459
473
446
432
412
406
400
392
405
389
403
392
386
387
394
401
385
540
527
528
467
374
352
372
358
380
393
371
363
407
366
376
350
346
348
353
352
340
350
334
332
343
327
339
335
335
333
336
340
340
330
325
295
289
292
293
291
296
297
299
297
298
300
297
298
311
289
381
485
504
494
495
432
381
384
376
354
363
342
358
352
340
339
333
342
362
361
359
351
356
410
435
425
408
399
412
376
374
365
429
467
477
480
490
453
456
399
373
382
333
301
346
302
321
265
293
449
485
497
494
487
507
518
490
468
466
462
467
470
418
424
410
400
453
420
437
442
438
456
483
490
483
491
476
482
496
504
515
495
510
513
506
494
430
428
433
419
413
354
344
343
358
353
389
384
396
453
515
510
510
486
458
461
471
466
454
458
458
459
468
467
457
457
455
447
450
436
436
478
486
473
489
467
437
476
510
493
495
486
485
490
503
477
457
434
443
441
445
412
454
452
448
439
459
405
383
374
377
373
379
382
381
472
501
485
489
476
505
482
489
474
483
467
489
474
463
482
488
506
508
494
489
491
508
495
492
474
381
385
413
403
438
463
464
417
386
367
428
589
595
579
592
531
499
490
506
486
500
490
501
497
498
486
489
471
454
485
496
500
501
482
448
435
445
429
438
372
337
337
337
327
337
363
361
383
396
446
443
418
432
429
433
418
433
427
429
460
465
411
432
420
429
423
420
430
440
475
522
497
474
447
447
439
439
440
442
443
448
438
423
433
432
435
427
425
427
429
437
423
432
423
432
431
427
432
424
470
482
479
466
469
484
468
487
444
459
468
453
446
470
450
379
374
386
373
379
377
364
371
376
377
374
377
371
362
377
369
372
368
368
373
394
379
384
370
385
362
365
366
386
363
378
372
369
369
373
373
374
374
374
381
369
382
392
381
483
503
476
462
391
390
405
382
420
406
417
458
455
459
458
461
440
456
449
429
425
414
418
424
459
453
447
414
394
369
393
369
388
396
397
395
425
411
407
398
388
391
402
407
411
384
398
382
392
400
379
375
382
401
393
426
511
477
506
475
470
465
458
390
399
388
385
386
385
365
360
357
387
383
393
423
428
451
435
452
452
448
439
427
436
433
392
386
401
384
369
369
410
451
464
454
455
416
425
439
446
429
431
414
413
367
329
319
321
324
453
473
501
391
401
407
392
376
381
365
376
363
356
364
414
427
425
424
430
452
479
479
433
431
424
426
429
435
434
423
454
469
461
462
472
459
389
373
368
352
377
373
370
373
378
358
373
370
376
354
364
363
369
397
500
524
497
450
455
445
453
469
462
451
455
452
460
453
477
452
461
430
452
427
444
456
534
523
519
522
540
535
538
541
531
516
503
472
479
501
487
470
482
487
473
482
476
476
475
473
470
352
371
377
370
357
349
340
346
339
340
326
374
362
376
527
516
503
505
481
357
341
346
355
356
330
347
346
330
496
498
519
517
507
501
501
493
505
486
487
484
486
483
499
504
488
501
443
393
421
375
375
389
382
390
380
380
379
382
444
469
464
470
456
464
446
464
471
474
478
408
400
400
412
397
356
368
366
347
359
345
337
308
298
310
303
306
304
286
342
387
381
445
482
476
481
489
474
442
428
431
418
430
429
433
425
443
423
432
416
410
412
438
425
462
524
525
519
492
483
483
355
385
374
365
367
388
360
372
356
476
480
505
486
478
424
417
413
429
424
424
414
422
428
431
430
425
413
417
430
425
420
426
446
465
470
467
441
444
390
365
379
371
374
374
374
370
376
367
374
366
368
364
363
406
462
459
471
463
453
450
464
458
482
454
466
467
458
460
458
453
508
511
530
491
508
539
488
500
475
386
405
392
399
399
393
387
408
393
383
405
391
405
475
582
549
568
566
554
565
558
567
550
570
570
580
564
548
510
470
472
472
464
491
470
474
456
458
454
390
370
360
380
374
373
372
351
358
377
359
356
326
322
317
320
317
306
313
315
317
317
301
309
303
311
303
311
291
330
303
310
310
308
314
304
313
305
297
315
294
315
296
317
310
304
319
306
304
313
302
317
301
313
307
321
300
305
295
319
310
315
441
503
498
482
400
410
405
417
398
407
390
389
382
391
387
398
397
363
391
432
423
439
435
449
434
445
445
442
436
429
414
409
325
320
326
336
333
339
317
325
329
340
322
332
322
336
329
333
334
324
327
321
321
332
317
367
580
557
562
490
446
466
468
467
466
471
467
458
436
433
427
433
436
433
441
437
417
444
426
437
434
435
441
441
436
436
436
442
420
436
433
428
433
426
431
450
469
472
472
468
457
451
445
468
452
458
437
461
466
456
454
459
430
436
427
422
433
422
416
427
429
428
422
422
423
422
439
486
468
487
482
484
472
480
482
491
485
469
479
488
477
484
475
481
465
479
478
503
495
517
510
513
500
504
514
497
518
499
502
515
513
526
505
516
509
527
530
529
506
512
514
508
495
527
411
413
408
406
356
382
360
379
353
377
371
348
345
362
358
386
391
399
381
409
390
414
404
465
505
506
508
512
510
523
505
508
487
469
448
464
457
473
454
429
412
451
425
439
439
437
435
492
515
500
417
404
403
406
412
415
430
429
417
433
445
433
446
425
440
427
472
490
484
482
441
412
400
410
409
479
470
489
411
433
433
435
515
516
496
507
517
505
501
487
478
411
390
416
404
437
434
428
422
432
424
433
438
440
439
477
487
514
492
496
417
409
405
427
398
404
409
402
398
401
422
434
420
431
422
449
502
478
507
497
499
520
513
486
499
494
470
474
429
425
443
445
444
455
497
497
502
523
502
522
465
368
364
370
370
376
348
443
549
534
520
525
479
471
442
421
427
431
447
443
427
441
392
390
381
379
372
381
390
379
380
375
460
581
578
585
597
600
587
604
588
577
565
577
486
493
489
501
470
476
464
405
505
391
383
406
386
373
371
348
359
356
413
444
429
436
451
469
554
592
571
563
480
405
408
398
409
463
484
488
484
474
473
475
477
465
465
505
534
538
544
547
531
508
470
479
495
490
474
486
484
491
513
491
487
484
487
500
501
499
435
384
385
395
384
405
388
395
376
319
310
318
327
325
316
335
324
365
367
415
448
441
428
431
453
448
455
444
502
495
435
425
421
435
430
430
412
493
492
499
516
509
504
429
398
378
396
390
389
383
387
416
394
405
402
395
384
389
385
393
390
397
398
396
370
390
369
344
282
301
315
342
343
340
326
328
335
357
536
524
522
382
386
377
359
367
368
365
362
360
362
385
373
383
371
378
372
467
499
468
466
468
471
443
448
404
397
383
340
339
361
367
367
403
481
491
481
482
480
508
478
460
452
442
439
449
458
463
459
459
435
455
443
447
378
345
337
326
325
370
364
369
372
367
376
396
387
384
380
393
454
505
489
518
508
497
490
495
495
484
474
484
472
484
486
493
469
488
480
448
444
443
463
454
441
453
457
461
468
460
447
462
468
440
432
448
424
449
445
447
429
476
498
479
496
508
493
493
504
510
485
504
493
492
514
471
473
490
474
469
481
473
480
481
476
472
476
469
450
438
423
452
444
456
512
551
529
547
522
540
530
519
513
381
381
377
379
400
393
377
382
379
400
384
387
387
391
386
393
356
362
377
495
513
502
491
498
506
501
496
516
508
487
521
497
525
515
510
499
507
493
467
495
473
481
481
427
415
420
404
419
421
417
423
421
435
419
415
413
419
411
407
415
413
401
458
435
427
445
441
474
474
476
466
434
422
407
411
410
404
394
410
397
401
395
408
404
414
417
434
420
440
419
428
428
433
424
429
430
421
418
453
498
503
498
510
465
419
411
419
411
423
444
478
460
465
470
474
480
473
428
437
431
430
423
418
414
466
466
457
448
478
459
449
457
468
457
409
361
352
345
314
340
340
339
340
334
361
458
475
477
461
478
478
468
464
455
481
497
430
416
412
402
409
398
437
418
405
422
399
407
388
385
403
398
403
407
397
415
419
388
406
401
422
476
502
497
507
511
510
492
500
486
475
484
481
467
444
448
434
424
503
552
533
535
542
533
496
432
425
424
425
423
433
431
419
431
441
429
424
434
432
427
436
436
416
420
425
426
421
422
492
522
516
532
529
527
522
542
490
494
478
490
494
481
392
392
386
382
403
362
366
373
402
401
399
409
410
447
499
505
501
509
493
467
468
459
465
457
481
459
475
527
549
545
558
538
550
537
497
419
432
428
428
415
427
415
411
434
423
331
310
303
320
307
307
358
387
393
404
400
400
414
463
475
481
478
470
472
473
491
446
445
461
463
453
433
441
438
481
495
507
500
498
505
513
496
498
501
508
506
501
501
511
490
510
506
496
499
506
510
495
490
508
489
502
499
408
390
389
395
395
364
376
355
412
439
449
517
548
523
512
536
523
540
533
520
438
403
395
388
383
384
372
380
365
368
367
365
374
368
379
349
414
454
460
462
441
459
455
452
449
433
455
417
396
391
403
395
413
394
394
396
396
406
411
398
405
447
510
497
493
485
474
405
392
394
411
355
353
333
347
337
339
321
326
322
345
340
343
341
343
341
352
338
358
349
346
350
346
330
341
354
455
446
448
448
456
426
436
429
451
400
408
390
401
423
474
454
458
470
477
480
459
465
461
370
378
380
373
366
360
387
391
403
406
397
402
436
500
490
498
437
481
441
381
329
354
353
371
364
361
362
362
362
359
373
384
392
381
414
388
396
461
469
474
475
472
430
438
362
364
360
383
398
397
367
386
369
375
361
368
355
363
420
406
441
451
458
426
438
452
567
581
576
580
578
594
568
558
554
500
497
493
492
497
484
476
489
489
480
485
480
484
491
501
491
486
492
493
480
468
479
496
439
378
378
340
307
317
297
325
315
317
297
331
389
381
357
372
368
386
390
507
495
511
486
478
464
468
461
502
518
447
369
388
381
395
388
385
400
388
395
398
413
392
392
401
395
447
513
499
479
487
476
495
491
493
489
503
445
426
435
442
420
444
490
495
494
509
491
464
363
383
367
386
386
456
448
457
455
404
355
376
373
382
370
381
375
438
426
428
440
481
478
491
480
424
403
391
404
388
340
318
327
322
240
263
258
263
257
304
317
314
306
315
332
341
372
525
512
519
491
509
489
458
432
426
427
423
421
436
430
412
406
415
420
468
472
469
464
470
472
457
452
436
435
405
418
412
402
305
276
284
296
296
294
452
489
498
473
479
488
497
482
423
403
400
395
395
401
413
407
411
407
420
410
407
402
403
406
410
451
491
485
512
490
502
504
488
496
496
496
494
498
498
489
502
490
495
490
502
499
504
497
500
492
483
489
449
417
423
412
428
406
424
411
402
426
396
399
358
344
340
367
345
344
340
348
346
341
354
335
339
340
347
402
412
410
415
408
420
454
510
527
528
521
501
490
496
456
352
369
361
372
332
311
316
322
317
306
336
311
505
532
521
523
515
511
487
515
505
516
538
514
542
524
464
410
417
409
460
496
502
485
498
501
501
456
469
474
470
461
475
470
431
423
407
422
414
408
421
453
457
442
447
442
431
445
439
431
398
369
378
381
390
381
376
422
512
505
503
499
505
493
481
489
483
486
495
483
492
469
477
482
469
467
479
428
408
404
393
389
398
371
361
359
363
365
367
336
378
449
451
430
433
436
425
395
377
396
386
393
384
496
510
512
506
490
470
476
466
421
382
392
386
396
390
382
384
388
388
371
392
384
390
378
422
453
466
441
451
443
448
450
424
426
412
421
432
427
463
507
511
511
515
500
511
514
511
503
510
515
524
519
525
510
515
507
511
525
526
528
439
434
503
518
536
513
524
515
527
525
521
509
497
465
477
465
466
464
477
457
476
388
391
368
396
395
386
450
397
381
395
401
403
377
386
391
372
379
408
404
402
407
468
490
511
489
498
492
473
472
480
477
446
392
399
381
401
383
362
370
379
382
362
358
348
350
379
363
415
416
456
439
458
439
449
467
448
447
447
434
439
434
450
443
399
431
432
386
386
403
456
520
538
519
525
523
513
514
537
516
513
502
488
459
494
481
483
481
484
452
415
438
434
429
442
428
446
433
430
423
439
427
441
432
431
447
447
440
445
419
443
438
421
416
419
482
464
474
443
483
438
349
343
336
348
341
363
377
374
381
385
376
376
384
376
393
380
389
414
465
469
470
471
464
440
418
412
419
414
400
399
409
411
409
405
447
450
463
439
456
404
392
368
377
412
465
463
453
446
412
426
415
534
526
525
536
526
541
518
534
500
437
408
409
404
416
400
442
439
437
431
460
440
394
368
375
444
493
500
475
483
485
499
483
480
485
486
482
468
466
477
466
468
472
462
460
459
464
467
470
472
473
440
455
460
457
473
462
466
437
441
442
386
388
378
388
392
391
457
453
462
450
508
492
509
479
503
415
414
412
400
409
400
414
402
406
413
386
407
408
405
401
414
447
484
492
494
478
482
478
480
477
476
455
446
446
450
425
413
407
405
422
437
488
487
468
480
499
486
473
473
466
437
423
433
434
410
440
430
424
401
374
383
375
364
342
354
357
351
422
439
429
448
424
429
436
427
372
382
360
358
362
447
425
422
435
429
421
446
442
440
422
447
422
463
498
503
510
497
480
475
470
486
405
427
444
508
490
499
506
502
500
499
482
506
492
500
494
500
496
505
491
503
460
478
469
469
472
461
485
460
473
407
410
413
377
352
368
371
391
379
377
360
354
363
343
365
359
331
329
340
317
314
308
317
300
299
291
287
286
332
328
330
331
349
352
344
341
352
351
341
336
435
546
564
561
567
556
567
555
555
558
549
517
452
409
401
394
458
442
441
446
457
451
455
435
441
445
452
507
525
523
543
500
511
530
478
390
405
408
405
376
464
433
453
436
445
439
434
385
383
372
363
360
361
355
352
362
359
423
451
434
466
450
499
480
369
405
396
404
397
382
367
381
384
375
367
353
342
338
327
307
310
310
306
304
299
289
288
286
279
288
308
294
292
443
484
482
484
474
485
501
481
454
425
432
419
438
420
418
412
383
404
393
381
406
394
394
396
381
379
384
394
380
397
386
382
392
392
402
394
397
397
384
376
379
395
376
444
458
476
481
464
454
469
465
452
459
468
461
462
479
468
474
477
476
456
446
443
420
410
410
425
410
411
407
474
497
437
431
481
426
473
498
494
496
488
493
487
491
514
504
490
490
503
500
499
497
494
502
487
472
477
461
464
457
479
459
478
465
463
465
450
443
456
453
445
444
448
458
547
523
530
533
521
510
519
523
464
458
445
421
437
425
462
512
514
519
481
473
475
474
465
470
470
490
465
403
413
409
402
408
416
404
408
407
400
385
395
366
367
354
369
370
360
365
366
431
442
433
448
443
446
454
432
436
452
454
427
436
434
425
380
376
378
383
382
393
399
519
527
523
528
530
527
515
514
515
526
532
525
512
525
514
532
528
534
527
517
513
536
531
525
517
523
533
519
531
529
508
525
510
511
485
489
476
487
459
424
384
378
386
386
373
370
377
384
375
366
376
379
381
416
515
517
519
503
474
478
477
486
477
479
478
471
473
489
462
472
473
457
456
460
353
306
314
302
309
324
311
315
312
309
338
320
306
313
350
599
574
483
490
491
488
486
431
392
391
393
396
386
384
393
389
373
362
335
326
332
328
374
364
382
381
372
391
390
396
401
382
408
502
500
494
478
489
491
489
512
488
475
461
454
446
445
459
447
454
465
474
461
456
392
379
300
297
297
288
309
301
316
292
292
308
316
312
315
304
293
350
374
377
381
393
458
448
459
448
449
433
433
430
502
516
515
505
515
508
498
458
471
448
458
445
466
451
467
465
457
452
470
439
495
537
534
510
516
479
428
406
424
417
425
414
427
435
425
419
412
407
407
397
383
389
392
397
398
378
383
419
400
380
391
384
402
393
405
383
384
389
396
391
382
383
395
463
458
447
460
449
478
458
431
383
384
377
380
394
382
374
388
390
394
388
473
497
523
512
493
507
495
506
501
507
503
498
489
483
503
497
436
410
441
443
433
479
522
501
522
546
528
532
516
517
525
503
456
428
440
445
455
469
453
453
462
449
470
471
458
456
465
458
476
451
472
475
470
448
438
436
439
437
436
433
434
464
491
470
483
473
486
494
489
489
488
449
447
437
431
416
437
439
367
317
329
322
391
506
524
532
517
515
510
523
510
521
517
508
502
521
409
388
400
400
393
403
408
400
415
394
410
406
418
407
405
449
446
447
457
437
461
454
460
451
455
446
459
464
454
477
504
491
511
483
490
409
402
400
396
388
376
374
380
381
368
369
363
361
362
367
378
365
368
373
383
365
416
468
473
455
463
442
420
422
424
424
441
402
419
432
426
514
494
500
503
507
500
494
444
418
429
418
434
421
425
413
433
423
430
443
436
406
380
419
385
379
374
373
375
487
525
468
408
391
403
405
399
410
410
409
385
340
358
328
369
333
361
344
342
324
332
337
328
327
308
308
328
303
305
364
296
330
318
326
325
320
325
324
337
324
339
324
328
305
326
330
346
328
326
322
337
337
358
342
354
346
361
340
345
351
362
357
366
356
353
361
359
363
362
346
363
390
384
387
369
379
392
385
382
385
399
389
396
393
391
394
392
376
386
393
394
387
389
381
399
375
388
401
381
371
381
360
381
376
382
384
380
391
396
382
388
383
372
382
389
388
403
384
390
359
361
357
353
352
358
361
370
364
356
350
354
356
358
359
352
348
364
364
357
347
331
311
295
335
341
342
340
350
363
347
350
351
345
348
351
346
343
355
363
362
364
343
338
325
331
335
326
308
305
295
331
343
357
359
360
354
345
336
357
344
355
350
358
359
350
353
361
354
355
355
349
339
325
308
332
333
321
304
286
300
303
308
309
314
380
384
468
473
474
426
413
410
431
423
439
494
491
491
457
418
418
416
398
411
409
378
394
395
382
378
384
384
385
392
392
375
381
389
347
345
362
349
336
357
346
344
346
337
352
348
353
344
353
343
356
353
341
359
346
341
359
341
342
345
357
329
325
353
347
349
357
338
359
352
354
349
359
338
359
339
341
356
370
338
351
339
343
335
338
343
355
337
347
348
345
350
353
352
361
355
361
357
359
354
355
353
336
341
348
336
357
351
360
356
365
373
389
376
381
369
377
392
378
364
356
361
370
362
357
365
362
357
369
368
381
374
366
352
363
368
378
357
366
366
367
373
360
367
365
366
376
357
342
340
352
340
347
349
355
348
344
335
336
330
364
356
340
354
345
310
317
302
317
319
324
323
292
285
296
287
305
296
410
402
408
414
416
417
418
417
421
405
433
469
506
503
514
502
503
505
501
501
500
497
496
509
506
502
501
511
522
526
524
518
506
496
460
408
406
399
406
397
398
397
403
394
400
415
414
393
396
399
400
412
405
402
417
407
400
370
390
395
376
321
336
306
323
308
306
310
322
301
314
304
304
310
294
287
291
297
293
292
294
273
295
292
401
526
531
514
536
523
527
520
522
449
366
376
380
392
458
492
510
501
512
517
414
384
374
359
372
356
360
337
344
342
339
338
345
355
346
343
354
358
346
347
372
359
352
363
366
358
371
368
379
382
406
395
395
398
397
395
385
383
375
389
346
355
363
354
361
346
357
368
372
369
365
383
407
390
385
372
384
368
362
352
363
358
369
343
353
347
364
362
361
349
363
357
353
345
345
358
357
376
344
335
354
348
336
333
418
413
443
463
485
487
499
485
482
418
379
365
377
364
400
372
375
387
376
383
378
373
371
371
377
373
364
371
371
367
372
375
374
366
371
370
369
381
386
366
380
367
367
373
364
365
358
347
314
296
301
313
309
302
298
300
298
300
327
332
351
397
394
401
413
397
393
408
398
402
414
396
395
432
490
452
505
506
486
499
497
484
515
430
345
344
346
326
343
355
351
332
351
348
352
369
439
467
485
463
468
468
475
468
474
493
490
476
477
489
484
479
489
468
479
496
489
482
493
495
493
484
494
485
521
505
514
492
510
516
523
513
515
519
510
519
530
500
518
520
509
500
499
487
507
506
515
497
507
472
426
422
424
425
423
426
334
315
309
302
308
317
320
304
314
314
324
310
313
316
301
301
291
326
307
293
303
286
307
301
312
312
370
387
369
386
383
376
378
380
403
389
475
511
499
509
502
509
504
483
494
511
459
434
444
444
449
422
422
424
404
417
452
484
480
482
478
475
495
502
494
478
467
416
411
406
410
454
472
477
499
455
479
473
414
409
422
404
420
412
447
486
501
498
510
509
507
509
504
505
513
506
502
510
501
503
501
482
507
497
480
477
484
500
501
421
384
370
383
419
453
507
537
510
501
523
518
515
505
482
427
441
417
401
403
395
401
383
378
378
393
376
388
381
376
368
379
368
381
377
353
367
406
420
416
387
414
403
412
399
413
402
425
428
451
490
467
495
441
435
432
422
453
476
493
483
487
487
480
460
358
339
329
317
349
346
327
342
335
332
334
342
325
353
375
387
393
388
469
491
482
473
483
463
481
481
478
484
487
473
481
495
487
466
487
474
482
478
488
482
501
488
500
478
489
517
530
495
510
505
490
492
481
489
503
503
495
388
386
384
398
391
396
397
521
527
534
523
539
535
535
523
535
481
420
442
479
466
469
453
437
431
419
426
422
430
432
539
539
540
569
551
572
505
403
409
410
416
413
412
421
428
429
412
418
418
427
419
414
410
413
408
411
426
412
401
413
407
416
403
445
426
440
438
439
425
329
320
320
330
326
334
338
331
337
326
337
340
343
327
340
336
338
327
334
341
324
334
331
325
323
330
399
514
516
502
518
518
502
501
500
511
506
430
370
358
379
373
366
363
356
358
321
310
316
311
316
330
327
327
427
492
474
486
490
483
487
508
523
505
498
500
490
475
470
490
489
501
481
494
485
485
405
328
324
309
328
327
344
343
397
509
477
475
414
373
374
456
539
513
542
544
533
519
519
432
451
424
443
440
440
436
444
434
429
426
458
469
466
449
475
453
476
455
420
373
374
373
366
354
365
372
381
374
390
381
411
426
436
421
427
438
498
497
484
478
404
383
381
382
402
390
396
411
424
416
413
412
413
463
480
462
461
463
443
444
440
455
454
437
440
441
448
438
448
520
475
391
384
380
397
381
379
378
374
362
347
329
334
313
341
396
391
389
399
397
465
465
489
473
496
484
499
490
489
477
506
493
494
484
507
481
491
499
493
504
492
476
506
502
484
493
498
489
491
486
502
484
492
486
483
498
491
493
483
488
480
475
494
494
485
474
466
458