494
456
463
461
450
451
473
455
461
451
458
473
425
440
453
443
439
446
444
433
455
444
438
438
452
436
451
448
455
448
451
435
436
448
462
441
454
439
435
427
454
446
481
462
457
441
447
462
447
444
439
461
446
434
436
451
446
440
448
436
445
453
437
432
418
426
441
427
447
423
417
433
426
433
467
458
485
493
647
638
680
668
663
656
665
659
677
671
667
660
678
669
668
649
668
659
661
668
662
650
664
671
663
662
681
679
642
594
658
657
646
556
568
560
574
583
588
584
596
591
572
598
610
623
629
532
536
572
554
555
580
561
578
554
604
574
620
585
516
513
517
539
511
420
410
384
389
388
383
395
383
384
396
402
387
394
395
392
394
383
395
384
382
382
392
393
399
404
389
392
463
484
462
407
383
388
396
366
455
480
479
487
490
458
461
412
409
402
425
408
410
394
406
384
379
387
377
378
415
460
446
456
456
446
468
497
495
503
477
436
458
443
449
436
437
450
333
261
264
262
268
258
270
266
265
274
285
284
414
439
446
446
463
513
525
520
521
530
511
516
522
516
521
528
501
474
498
468
468
455
459
462
467
454
468
448
460
388
340
354
352
340
354
338
310
253
270
258
275
271
474
457
458
456
473
456
499
462
474
455
426
421
431
427
439
427
434
422
428
415
430
407
423
430
433
408
425
423
431
415
421
424
409
417
429
425
433
421
426
423
433
428
426
427
423
425
432
427
421
443
449
451
448
450
450
435
344
349
344
349
378
439
390
360
344
354
352
358
358
363
504
515
508
513
490
484
349
340
352
337
351
342
363
343
346
334
350
329
333
436
485
482
477
488
492
484
488
486
471
475
486
485
486
475
483
476
467
477
456
400
414
396
400
417
418
392
397
405
404
403
414
461
481
453
452
460
466
456
474
473
475
482
475
504
520
496
497
490
505
494
477
410
400
393
398
395
394
379
389
382
366
368
371
370
374
383
473
449
455
458
458
512
509
499
499
494
502
500
508
515
499
508
497
494
501
491
410
362
366
339
295
273
278
284
264
276
291
381
527
521
526
529
519
527
520
475
458
436
438
438
443
434
438
453
442
434
417
391
393
379
388
378
381
390
400
380
463
477
491
484
491
486
494
466
486
458
479
482
498
468
477
469
491
322
354
346
340
345
329
332
343
331
343
323
331
319
331
332
334
334
337
328
348
321
332
342
327
325
336
316
358
412
485
492
503
495
482
489
479
453
456
428
400
381
431
479
474
467
469
479
461
482
495
482
479
467
465
468
468
469
481
465
485
473
482
483
467
472
477
467
458
479
485
470
475
483
481
476
479
480
481
482
483
473
490
469
481
475
489
472
481
468
491
494
510
503
505
518
511
503
510
501
516
506
527
528
523
505
508
499
515
512
525
499
498
506
504
514
515
512
394
387
394
383
383
387
401
376
394
390
380
376
373
370
351
356
351
350
366
347
484
497
522
507
524
499
519
522
498
493
458
428
429
424
436
425
417
427
427
441
425
485
515
497
504
505
504
503
499
500
516
500
506
506
510
497
503
502
490
508
504
508
494
496
513
485
511
499
507
503
493
510
498
499
503
512
499
492
498
488
491
495
497
496
497
498
504
497
497
493
437
436
418
433
432
411
436
447
440
428
426
436
425
439
425
431
408
419
436
412
414
407
384
380
377
379
385
381
372
379
378
376
383
371
379
377
372
350
353
363
353
346
339
350
349
354
356
344
364
345
351
353
343
357
367
343
357
347
359
347
351
348
351
358
371
356
379
369
376
367
463
464
449
443
471
504
496
498
501
472
467
414
425
423
430
473
504
471
472
403
384
381
379
383
371
381
386
356
361
349
329
320
327
340
378
362
373
377
373
374
384
374
381
364
411
425
457
436
464
495
491
513
479
440
392
377
375
372
370
451
453
449
470
453
447
459
453
459
470
467
471
468
427
399
406
408
403
408
451
472
462
455
457
450
437
428
443
442
444
435
429
430
486
494
514
505
516
499
502
403
373
378
391
382
385
375
385
385
375
376
378
371
374
378
368
360
373
385
359
462
488
531
494
463
500
410
387
369
364
416
501
489
491
509
507
452
444
431
427
438
428
417
418
424
427
436
435
472
507
499
520
518
523
511
520
521
510
513
515
465
457
438
440
401
398
401
396
379
386
394
354
370
341
340
340
355
371
403
406
415
414
465
492
492
480
481
491
482
498
481
493
485
482
510
463
445
439
427
418
493
494
502
497
500
511
502
504
488
466
487
475
456
477
467
479
509
535
527
532
541
540
528
526
496
411
396
414
396
392
385
400
402
411
416
410
412
421
456
441
446
458
447
517
557
571
558
563
555
569
555
568
553
554
462
467
473
465
472
457
459
421
404
413
412
415
429
413
422
412
438
458
457
450
454
465
449
450
465
461
437
439
434
433
428
425
417
435
425
427
445
500
490
499
494
490
459
433
440
439
441
437
423
423
450
443
490
519
516
536
521
540
507
521
518
523
513
530
511
496
522
517
508
511
519
536
510
502
480
509
490
428
426
426
430
434
419
427
423
434
489
495
478
473
477
471
453
437
432
441
438
414
384
382
388
391
446
502
489
471
439
440
427
437
432
445
418
496
492
498
490
449
477
451
437
453
455
458
464
459
433
422
400
417
386
397
404
412
405
429
413
434
511
549
563
564
562
556
457
479
471
449
446
455
442
435
448
442
442
431
433
443
376
389
382
388
384
384
382
366
377
388
390
377
388
375
405
399
394
407
399
433
413
499
479
503
500
500
505
503
493
487
494
485
523
496
504
499
492
488
489
503
496
472
417
440
431
447
414
436
429
432
419
416
420
435
435
444
436
444
429
437
441
422
425
421
415
433
424
446
419
421
437
410
394
307
300
310
323
553
557
585
555
555
531
504
471
466
453
468
462
473
473
471
459
410
396
412
394
392
382
369
360
369
385
491
492
500
489
486
491
500
490
482
472
505
380
372
340
318
312
322
307
308
316
317
308
309
331
342
341
354
351
332
323
346
335
331
311
327
376
367
386
432
438
462
442
450
441
458
450
447
461
433
418
426
419
423
426
425
427
420
423
414
450
508
506
511
496
508
509
510
502
505
495
495
474
466
474
467
464
468
458
475
465
458
449
460
468
472
478
477
472
474
472
458
451
444
451
511
522
526
506
499
485
506
413
389
386
397
403
405
397
389
399
401
394
421
386
404
392
403
394
388
379
397
392
385
395
407
483
504
496
506
504
495
482
487
494
484
479
478
385
372
366
366
320
310
364
405
537
546
540
551
562
542
520
490
474
491
448
449
410
411
392
402
400
399
396
490
508
511
497
492
482
505
487
495
510
508
482
467
481
492
487
420
370
374
364
338
410
499
482
504
477
485
493
479
491
475
495
524
536
526
531
543
535
539
517
527
525
539
512
516
451
472
447
387
399
409
415
410
406
405
411
424
410
434
409
406
416
410
429
423
401
429
436
466
553
552
550
501
490
490
478
489
498
520
482
483
489
493
483
485
481
486
485
450
370
371
365
374
368
369
371
378
370
372
358
381
373
366
351
348
338
347
339
350
348
348
354
352
355
347
351
416
519
502
482
502
459
425
427
425
422
428
421
436
435
444
426
433
495
503
498
507
508
498
500
500
484
489
457
433
435
427
416
437
411
429
429
427
391
414
367
371
412
432
409
415
364
381
367
369
363
381
374
388
368
355
361
362
353
362
349
356
372
364
377
380
360
372
395
375
378
371
370
383
375
371
380
377
367
372
374
373
392
385
377
383
388
377
370
380
441
452
437
445
441
448
446
444
436
449
442
453
434
436
442
441
435
484
496
478
490
488
481
488
487
502
475
499
475
490
463
425
420
426
427
437
505
503
497
503
495
491
467
410
431
406
404
414
374
361
336
355
338
351
360
366
380
369
360
371
401
469
455
459
454
454
461
457
453
451
451
450
488
500
507
518
509
517
501
506
510
507
485
398
412
409
401
397
399
398
401
387
418
406
399
395
398
405
389
374
385
303
317
314
321
304
302
315
361
379
369
355
359
367
367
370
352
363
352
371
361
359
407
444
451
433
431
439
434
449
429
425
425
437
441
441
437
440
433
432
442
428
429
441
439
471
489
464
373
388
380
369
375
384
369
369
367
380
369
383
387
393
391
413
446
468
454
457
459
451
460
465
494
532
523
536
525
542
505
455
350
360
364
352
347
363
330
490
525
508
513
546
487
509
533
531
500
519
539
518
515
514
537
520
515
525
494
515
495
458
433
461
464
519
542
481
410
407
409
410
416
406
404
411
382
360
343
350
363
407
404
405
402
411
414
408
399
423
438
430
492
496
504
506
491
500
510
502
487
499
503
497
495
499
476
493
493
504
498
516
495
508
486
468
441
445
439
436
454
500
511
503
502
495
495
498
497
506
516
513
498
483
486
501
505
501
491
459
447
453
452
446
445
455
438
432
465
503
492
484
486
487
496
495
487
453
369
372
350
345
289
295
290
308
388
406
406
422
411
429
435
429
429
436
434
433
433
437
440
431
433
435
473
452
461
451
445
502
515
536
523
522
520
523
518
530
513
523
446
401
425
411
397
400
396
411
388
382
368
355
310
325
299
310
319
322
335
318
309
314
311
316
312
307
308
308
295
309
305
318
301
502
505
509
503
497
516
457
440
457
435
438
428
430
435
424
398
387
381
382
377
383
379
386
377
432
446
431
435
444
442
448
455
455
439
474
459
441
425
428
422
419
407
460
482
490
470
498
495
502
477
488
498
487
496
489
491
454
419
448
448
434
467
523
515
507
502
485
494
484
501
440
427
457
460
481
459
481
480
474
492
472
476
464
467
478
460
475
438
432
433
419
423
438
429
440
422
421
422
423
412
410
404
430
397
388
392
417
393
386
396
380
371
381
369
384
376
444
475
490
496
479
472
468
477
471
468
479
480
463
464
441
410
428
420
433
439
437
421
417
446
528
516
539
520
506
495
498
511
506
529
529
490
518
452
419
403
406
401
419
400
403
418
432
439
448
518
516
517
524
525
491
446
462
463
462
454
459
444
452
449
443
442
433
443
342
351
349
355
367
357
355
351
349
367
398
346
353
381
388
391
394
380
391
413
413
394
399
498
483
487
482
484
494
492
493
488
504
503
508
482
478
487
493
489
486
491
483
498
502
497
494
487
479
483
499
483
476
490
489
484
500
495
436
439
440
425
429
434
421
438
374
370
377
372
384
371
382
371
372
368
380
375
373
378
365
373
367
371
391
366
374
372
370
369
384
376
382
362
375
375
379
383
367
379
369
369
376
434
481
497
496
509
488
485
499
494
490
497
503
488
437
407
404
397
390
387
372
374
373
371
364
374
378
476
492
477
505
469
485
488
482
479
478
475
479
462
380
363
349
368
341
363
394
439
468
457
454
458
446
444
466
450
386
373
376
355
365
357
393
391
396
387
405
420
459
443
458
446
445
466
432
422
364
421
429
490
486
498
498
496
493
479
485
478
478
482
489
488
491
467
475
459
450
450
476
453
451
473
465
431
436
446
451
438
444
466
522
488
507
502
493
473
450
457
446
455
465
467
481
468
472
484
506
470
482
463
476
470
495
480
571
536
553
560
559
540
536
541
537
462
365
363
361
358
369
374
383
372
380
360
350
355
346
357
323
343
558
548
494
444
462
442
458
450
457
460
430
449
445
450
453
399
383
393
384
387
395
398
422
483
463
487
485
478
489
454
483
480
481
467
493
490
501
489
481
458
401
395
392
406
409
387
412
402
398
406
412
389
406
399
410
406
415
425
428
434
426
550
555
553
550
554
552
546
548
552
541
526
545
499
476
469
461
414
365
366
373
353
358
364
362
350
374
363
372
356
358
366
358
343
368
360
363
351
373
362
375
437
495
492
489
488
503
511
504
486
499
484
489
489
490
497
507
505
489
498
508
514
512
491
501
496
506
488
499
508
504
501
502
506
494
492
491
503
461
377
379
374
392
355
373
365
372
341
343
353
366
343
352
378
506
525
521
529
541
527
523
526
512
512
531
510
505
511
433
425
428
431
441
432
427
413
426
460
522
513
446
414
465
494
497
488
483
478
488
483
493
502
487
479
469
432
445
449
451
445
454
445
452
444
445
439
451
488
494
487
485
472
387
398
379
381
380
385
382
384
386
363
363
367
358
361
369
362
359
366
358
369
367
372
369
372
363
368
380
366
365
364
382
375
364
370
375
378
370
374
369
369
432
437
481
490
499
504
422
428
414
423
429
417
426
422
427
424
427
424
432
425
431
425
424
432
448
470
467
463
466
460
400
376
380
371
370
375
388
367
371
363
360
367
373
452
448
462
462
460
514
510
507
512
526
503
494
471
490
494
487
496
429
350
377
386
375
365
376
372
374
339
298
281
288
277
285
280
287
308
324
296
296
295
286
288
282
287
296
288
295
296
298
282
290
295
290
288
294
299
292
279
294
310
281
305
296
276
289
280
299
301
278
277
326
475
480
439
414
408
407
402
408
414
408
408
414
411
409
408
421
411
455
446
440
460
453
448
447
420
455
436
472
464
456
466
441
422
426
444
439
436
443
439
444
445
439
495
494
480
478
494
497
475
491
490
485
493
483
492
414
377
375
380
385
387
383
367
393
386
403
375
371
352
377
373
376
369
390
372
409
481
472
466
472
496
526
543
523
532
521
531
502
419
370
354
361
373
364
367
365
398
514
509
517
516
473
510
502
487
504
508
509
512
515
505
533
517
524
505
507
496
509
515
494
519
512
510
508
514
497
514
527
517
517
506
496
511
510
489
519
507
492
497
519
491
461
425
424
431
427
437
426
437
435
428
435
428
428
420
437
432
435
428
425
438
420
426
435
427
427
432
440
424
422
433
433
451
480
518
516
496
517
535
513
515
453
422
445
421
378
425
414
420
423
427
385
344
343
365
338
342
353
354
348
332
348
361
379
410
423
407
420
414
412
413
407
412
418
419
416
416
410
411
422
417
433
431
459
534
526
514
526
521
517
533
522
527
516
492
443
443
431
436
442
440
442
437
430
420
423
418
430
420
418
423
478
487
468
464
469
467
480
469
483
474
478
465
478
476
467
474
467
467
432
408
411
404
508
513
520
500
522
418
422
403
420
407
421
396
409
404
374
378
372
373
373
372
382
362
374
368
376
374
386
372
379
381
376
374
412
430
432
414
434
440
426
425
440
422
425
427
432
430
430
432
438
432
443
422
432
432
429
443
526
543
554
548
534
538
532
523
529
528
549
517
435
421
428
414
412
397
394
382
402
386
386
387
389
384
392
372
381
380
380
393
385
355
310
321
338
322
338
333
331
321
324
326
336
333
317
333
341
334
327
319
316
321
321
323
322
331
331
328
329
316
320
305
307
299
310
318
319
297
425
517
533
535
505
514
523
459
443
432
439
448
394
395
393
393
394
386
400
379
385
442
449
456
436
444
449
446
428
427
432
419
434
430
446
496
491
509
502
487
477
443
458
441
443
448
467
502
497
468
438
426
441
439
436
439
446
447
433
441
447
448
476
514
504
421
433
425
420
425
439
420
443
427
445
431
435
433
420
453
469
456
422
434
440
433
433
441
438
437
409
423
397
380
375
384
375
379
382
378
394
385
382
379
403
476
467
480
446
500
481
472
484
484
484
494
477
488
432
430
426
423
424
432
441
421
432
436
416
426
444
539
517
525
542
528
519
513
518
503
511
495
492
502
491
507
494
505
504
428
414
416
446
445
461
440
452
433
478
533
533
530
542
520
523
517
517
520
525
521
524
543
538
520
520
522
517
510
498
447
464
442
365
353
355
347
344
352
370
355
371
395
394
381
388
381
381
403
405
394
416
505
489
495
498
490
506
493
497
510
502
497
503
484
510
495
507
500
500
518
502
491
499
499
498
485
509
500
498
499
488
484
500
507
497
496
505
504
499
498
491
496
513
486
512
493
505
483
495
498
512
503
513
492
481
499
502
499
509
481
487
481
484
482
450
448
455
438
416
452
448
437
437
445
445
439
441
448
437
433
439
448
449
434
445
440
439
451
448
444
451
431
442
439
447
448
448
453
429
445
451
441
438
406
406
421
393
372
379
376
382
381
373
379
389
374
372
373
389
446
494
486
515
506
505
490
493
487
493
501
498
467
466
457
455
464
382
388
388
397
391
405
404
405
435
494
515
506
521
504
531
513
492
428
413
406
386
388
382
364
369
384
382
371
382
370
387
386
386
387
387
373
391
379
372
386
384
384
361
374
369
365
369
377
437
478
483
396
365
354
354
390
365
377
374
372
367
366
370
354
421
364
356
369
387
392
377
375
379
386
384
388
435
449
443
452
451
449
455
443
437
441
456
466
448
445
430
422
431
424
421
424
421
424
414
423
432
430
422
415
425
433
469
495
505
487
521
497
521
496
509
500
504
506
512
514
514
495
495
492
502
491
495
485
498
475
490
482
473
465
462
461
463
440
457
449
454
470
513
506
505
494
515
500
511
499
509
483
418
387
380
369
382
409
432
476
452
467
458
442
471
435
467
465
476
464
476
515
516
525
513
502
501
501
511
509
521
441
344
340
352
387
396
393
393
381
390
389
398
383
387
393
410
400
442
506
502
496
415
388
394
395
439
459
480
458
472
460
476
478
475
452
455
453
469
468
482
470
467
462
482
463
465
458
461
463
470
473
464
488
506
514
521
515
367
332
328
447
459
458
452
470
464
495
504
517
520
504
523
512
510
507
520
510
515
521
518
513
496
518
528
510
509
519
502
463
442
442
431
445
443
451
435
439
448
435
422
411
409
411
418
411
416
420
416
407
416
409
414
413
478
470
480
480
478
488
495
482
490
499
484
476
486
482
484
488
489
481
486
485
482
485
491
483
482
479
481
470
453
461
468
474
486
468
474
462
461
483
386
314
322
316
311
310
306
322
328
307
524
521
533
530
516
446
427
422
415
411
419
439
469
453
470
459
470
461
468
453
445
452
459
461
460
478
509
527
553
453
459
518
526
514
534
520
527
515
500
477
438
434
449
442
439
444
431
449
438
446
424
433
437
441
441
428
427
442
428
410
424
423
399
383
395
386
387
388
389
383
390
382
367
364
367
345
359
355
361
362
365
369
368
364
376
381
385
356
395
448
458
439
454
450
449
437
484
489
488
492
495
490
437
422
435
434
433
422
435
427
442
422
425
432
432
426
420
470
467
484
469
477
474
421
376
382
390
384
384
378
381
370
361
363
358
351
359
354
367
359
355
366
372
362
363
363
386
455
465
452
468
447
471
452
510
485
505
519
519
506
509
518
537
508
534
524
515
506
524
493
487
483
480
477
408
367
352
383
378
370
354
350
310
291
290
296
291
298
295
294
295
401
476
461
483
484
463
462
404
408
417
430
451
434
445
429
442
446
442
444
459
441
444
436
429
442
445
457
448
440
459
437
453
444
448
430
452
444
441
434
451
456
450
442
445
434
447
438
439
440
438
439
457
446
501
493
506
486
499
476
476
485
491
495
492
397
375
379
352
367
362
371
377
364
368
366
377
372
381
395
394
383
410
388
389
445
466
455
463
462
460
458
456
474
471
485
515
543
556
541
534
531
401
378
360
365
376
363
427
518
526
508
506
514
513
529
509
519
507
494
507
495
500
480
444
436
437
437
445
438
437
435
447
442
449
423
523
529
509
519
510
499
524
509
508
505
509
500
511
506
506
507
519
494
515
515
518
518
522
500
503
493
504
506
492
454
401
412
411
390
376
368
372
367
359
376
410
419
521
525
513
505
523
498
483
371
376
375
371
368
373
389
376
370
370
360
372
367
362
366
379
374
377
485
524
525
544
509
508
492
472
429
428
446
436
425
433
440
432
438
433
425
426
431
435
441
431
434
444
420
441
452
437
431
446
429
435
443
429
443
436
435
426
439
441
445
432
449
430
423
479
503
513
507
504
498
506
501
518
512
529
501
509
504
522
513
530
514
515
514
518
498
467
425
412
425
417
419
416
403
398
365
338
346
368
361
398
411
421
416
409
414
430
416
518
544
539
516
523
524
520
463
440
423
428
412
447
420
427
411
413
421
428
422
414
413
420
411
422
412
411
432
441
425
403
401
403
412
420
360
377
381
389
373
357
312
322
324
292
285
293
276
282
290
297
341
551
551
553
511
449
449
445
446
464
448
458
447
426
399
401
410
392
404
401
399
405
398
404
470
457
440
430
432
425
434
424
424
433
485
499
503
501
494
499
498
477
437
429
431
423
427
431
503
490
481
469
427
412
461
496
491
450
426
429
423
412
409
399
406
408
403
407
405
458
480
490
492
449
419
440
430
435
423
439
425
436
495
533
500
487
492
466
410
421
407
420
412
414
399
397
401
410
400
415
533
553
548
512
489
550
541
526
479
469
465
466
485
480
469
459
438
457
462
450
452
454
441
449
431
389
375
392
385
400
392
388
388
392
394
399
395
387
392
385
387
377
395
402
386
387
411
409
474
478
463
450
471
477
475
462
473
481
475
471
494
517
517
519
525
518
524
496
476
532
521
529
514
528
517
518
516
524
529
522
480
437
438
430
437
429
423
426
330
320
329
317
315
329
433
597
579
575
567
589
574
562
497
499
502
491
479
484
478
484
490
458
405
402
401
398
388
376
341
344
346
346
350
342
340
346
336
333
321
311
298
331
301
310
326
326
324
324
506
509
518
512
503
395
425
391
399
397
394
363
316
314
311
309
293
392
484
472
509
483
487
491
481
505
469
475
484
479
384
414
405
375
361
371
362
377
381
380
372
384
373
429
425
448
453
435
441
438
440
450
437
438
434
413
419
415
416
436
456
481
498
495
492
496
489
507
482
474
484
481
484
489
491
484
477
475
451
467
456
482
462
470
455
472
453
452
448
464
462
453
452
463
505
497
486
492
499
487
491
473
478
425
373
366
366
365
350
369
355
375
366
373
373
440
439
456
460
466
454
461
460
453
475
462
463
455
443
465
463
470
502
482
379
373
360
380
362
304
276
312
295
311
414
555
541
549
557
548
557
570
547
536
554
537
465
455
443
456
439
450
443
451
414
398
388
399
400
419
415
448
492
506
515
505
506
506
518
493
507
517
509
479
482
498
476
370
358
338
352
330
351
335
350
353
334
453
484
481
488
483
490
475
486
496
502
502
491
497
524
542
531
537
531
537
522
524
465
456
454
461
456
446
460
441
422
445
430
412
418
401
422
404
451
469
461
465
478
488
469
472
468
481
471
478
465
470
478
478
476
481
485
494
504
510
497
507
511
510
508
504
518
513
523
509
499
476
372
359
364
341
345
345
339
350
349
352
342
510
519
527
506
523
493
504
427
432
415
426
406
492
504
512
496
498
504
499
486
493
498
497
501
492
495
469
487
492
491
501
480
479
479
492
499
491
481
488
495
496
482
490
487
500
488
486
495
451
421
435
432
417
405
400
382
372
363
384
386
390
369
367
342
369
351
352
341
350
352
374
371
368
377
434
452
463
450
427
438
440
426
438
469
497
485
477
492
506
481
472
471
465
451
423
418
433
421
423
426
428
414
420
419
429
430
452
431
505
486
481
499
501
485
480
490
449
392
393
402
389
401
400
403
406
402
386
410
401
389
399
393
416
390
403
370
342
345
355
350
353
345
361
370
361
359
363
362
354
355
356
372
376
376
443
470
476
468
468
470
476
483
514
498
395
381
400
393
391
365
389
366
391
376
366
373
381
392
449
451
448
449
451
461
421
398
406
395
406
407
417
411
423
446
461
467
471
452
469
449
461
454
454
447
437
438
438
438
448
468
484
504
477
488
475
474
479
420
384
382
379
374
357
355
366
375
373
371
382
420
499
500
481
503
486
490
478
491
506
542
515
413
373
368
377
401
409
405
419
419
414
415
409
409
408
414
409
433
510
510
527
521
467
400
448
519
514
505
522
510
508
486
489
477
491
448
417
422
438
431
411
414
396
407
408
404
399
390
409
404
390
395
381
360
362
345
361
360
340
337
353
347
358
357
356
350
351
330
342
351
348
336
323
340
330
338
341
387
396
399
402
386
399
414
405
403
476
518
516
512
498
462
450
434
440
430
442
449
446
443
442
427
413
427
365
357
440
519
479
320
334
365
456
453
450
472
515
507
499
471
450
450
447
449
451
431
414
397
390
397
401
405
398
455
448
441
471
460
462
459
468
445
459
441
441
442
437
424
436
433
464
484
499
499
509
479
487
502
502
488
482
492
487
504
501
474
488
495
483
495
481
498
486
483
494
494
495
455
430
422
428
424
488
493
476
432
430
429
444
429
430
489
490
505
490
430
425
428
415
467
467
446
430
425
441
428
403
400
413
429
476
494
493
490
486
484
487
434
438
424
426
422
501
508
500
404
405
391
404
399
399
388
405
388
415
404
424
421
417
413
415
418
428
429
563
547
545
555
570
549
553
546
552
566
561
548
487
471
474
481
476
470
480
482
494
475
481
478
489
473
481
460
466
459
440
442
439
446
438
396
403
394
383
395
390
377
392
382
400
392
382
399
381
387
391
400
378
394
387
406
474
474
467
484
480
478
478
461
461
451
454
473
535
517
519
536
531
525
537
529
551
518
448
443
437
449
448
445
450
432
443
408
424
433
382
366
375
358
368
352
359
370
358
436
587
577
585
560
573
578
571
565
532
490
491
498
500
500
503
497
500
491
510
473
394
409
409
391
403
407
412
390
400
367
357
358
363
357
358
327
349
327
330
344
343
327
365
359
334
331
335
330
372
336
340
325
326
323
312
293
314
342
331
327
335
341
341
340
339
342
348
332
340
335
334
330
328
339
343
324
324
321
323
354
361
366
377
375
376
377
383
366
378
363
375
383
392
453
453
443
457
448
445
445
445
461
445
444
453
452
445
447
458
445
445
447
444
422
419
420
413
447
501
494
489
488
507
497
511
503
501
495
501
497
527
501
496
488
482
477
487
471
465
453
466
470
460
453
464
461
477
475
444
470
485
462
460
457
463
457
470
461
457
459
472
457
463
473
497
496
509
490
495
489
492
481
484
461
399
394
389
384
393
374
377
387
382
368
404
379
384
402
398
375
383
374
375
350
374
395
377
353
381
389
502
483
492
487
492
496
521
497
475
498
513
493
433
342
328
338
347
337
316
310
294
305
304
306
326
315
336
377
611
588
601
583
495
457
426
388
392
389
392
393
399
398
429
496
504
507
492
490
500
478
482
479
501
515
514
494
486
486
368
320
327
317
325
326
327
334
332
331
336
326
329
322
336
323
324
320
327
321
475
452
463
454
451
471
457
461
457
459
465
464
473
470
500
521
484
437
434
411
409
405
413
422
455
466
481
478
494
483
476
467
479
482
479
482
490
485
473
469
473
480
479
482
477
474
492
480
488
493
477
492
495
485
487
465
480
475
494
487
487
489
475
498
472
484
458
466
463
455
463
410
330
326
311
320
311
305
325
304
312
309
301
307
318
323
312
317
314
314
313
319
323
319
327
306
305
309
307
320
318
315
410
529
520
511
515
530
516
518
517
507
523
516
519
515
497
440
430
411
421
418
420
416
414
414
412
405
464
511
497
501
517
497
498
494
498
501
497
478
447
434
340
413
381
371
378
373
346
349
357
340
357
359
373
378
375
368
376
379
388
368
366
384
369
390
377
383
368
370
374
372
370
353
369
376
369
378
380
371
389
385
438
451
461
471
467
457
468
384
419
452
457
456
540
527
535
526
516
478
432
418
420
462
475
465
460
453
468
417
414
450
420
475
482
483
478
455
465
480
481
471
393
350
359
350
355
354
353
360
364
357
364
355
358
359
359
341
345
312
330
344
370
361
372
365
371
374
365
427
462
460
469
444
474
479
523
517
510
516
522
499
511
501
519
523
508
496
501
410
419
423
395
367
376
374
375
378
358
369
368
384
372
382
370
371
355
369
381
372
370
373
377
364
381
362
374
372
370
368
379
373
368
362
367
349
369
362
371
422
435
412
412
397
395
387
393
385
389
390
390
455
456
449
459
455
450
460
442
446
445
439
471
487
497
487
411
377
387
375
398
396
375
368
378
364
370
412
456
444
464
470
538
515
510
508
506
501
513
485
476
466
363
363
370
335
365
498
511
456
448
425
445
436
537
514
523
486
427
425
419
415
396
390
393
394
396
385
384
390
389
386
384
366
347
354
356
348
353
361
398
410
398
395
410
475
491
481
468
477
483
500
493
465
486
450
444
432
436
442
455
443
440
436
441
427
436
428
498
510
507
506
504
515
511
502
491
458
491
535
546
530
554
533
532
519
536
424
386
401
405
390
423
416
402
408
443
458
447
439
440
442
521
515
540
511
498
478
502
455
451
413
436
432
415
444
468
468
426
435
439
443
503
506
510
508
435
441
435
439
443
441
449
435
443
442
446
488
512
514
505
506
507
514
523
513
460
501
495
505
450
422
435
426
430
429
475
495
492
493
494
447
436
447
437
440
429
429
435
434
427
395
396
408
407
397
405
426
466
497
501
482
499
481
440
427
458
527
490
486
510
498
516
519
507
499
459
402
410
413
413
388
395
400
403
396
393
400
396
399
401
402
390
385
382
387
395
366
402
396
392
443
471
472
474
463
470
470
468
466
461
452
477
476
475
468
468
465
466
399
391
391
391
394
386
373
385
379
388
379
371
384
391
376
377
369
360
375
364
357
373
413
425
465
465
419
458
446
452
442
544
550
577
576
547
467
456
454
455
448
429
356
362
369
367
356
371
366
359
456
583
581
587
589
589
526
507
495
415
410
395
396
398
405
397
374
375
377
380
370
394
366
370
370
350
360
362
381
366
373
373
368
375
389
362
358
367
358
367
350
487
497
480
479
471
485
430
392
384
366
330
314
345
329
335
329
337
313
302
292
323
301
301
322
332
331
359
351
350
352
393
400
409
401
405
405
491
493
482
489
481
491
498
472
489
488
492
468
381
370
373
374
378
361
372
364
389
384
391
379
390
378
433
517
514
506
516
505
481
458
462
466
467
459
468
456
457
469
440
458
459
451
457
444
453
454
462
458
442
462
452
457
448
457
456
444
440
476
480
493
510
508
515
511
512
493
484
485
501
491
491
505
513
504
485
490
488
476
464
379
378
385
397
377
391
398
381
381
377
366
388
395
418
476
481
503
472
465
469
462
492
515
368
334
341
330
334
327
319
337
340
323
336
302
299
314
309
321
330
306
361
597
595
567
560
573
445
387
396
393
404
388
392
393
403
440
456
459
447
453
445
455
463
467
464
463
468
459
466
466
455
461
472
466
492
488
499
509
498
497
499
355
339
330
326
327
327
332
336
336
327
366
492
472
482
475
486
496
486
470
459
444
358
360
354
346
360
347
343
338
334
341
330
355
360
373
442
488
482
494
492
497
495
506
504
494
501
486
492
487
489
489
488
466
475
479
484
472
490
469
479
471
476
478
477
484
479
479
470
510
465
469
471
461
351
308
331
305
325
330
332
320
326
323
331
325
327
341
339
329
326
317
318
310
315
329
318
319
331
320
335
320
322
318
321
307
321
309
331
312
327
325
310
314
326
408
546
520
523
511
530
520
517
509
544
526
526
478
428
423
413
435
426
419
427
415
421
516
514
499
499
507
506
499
511
481
503
512
512
504
501
498
507
496
497
505
500
501
504
491
502
493
499
499
493
497
436
441
424
434
430
418
429
441
424
427
377
383
387
371
393
377
390
372
350
352
346
346
353
344
344
349
356
355
354
364
375
379
379
378
375
385
375
384
379
418
448
437
441
442
488
479
477
494
504
471
513
487
480
490
486
460
433
422
437
439
472
520
499
494
506
496
492
516
507
499
505
489
477
409
412
413
403
396
421
421
423
399
401
361
358
343
364
356
357
356
380
368
362
365
374
373
378
365
362
369
372
367
372
364
369
363
369
362
372
362
377
380
386
374
374
466
472
470
475
480
467
497
521
515
531
500
531
506
525
501
511
499
504
498
431
421
412
401
403
395
405
412
395
415
402
369
386
445
468
466
438
474
452
459
457
457
441
455
454
447
438
411
385
376
376
389
405
387
450
460
449
442
454
444
443
440
446
425
444
489
516
506
516
427
400
401
405
433
403
394
417
406
386
392
385
344
319
315
320
327
311
320
323
321
331
318
321
326
501
477
489
483
482
490
508
510
476
473
375
304
320
314
329
323
319
341
342
315
329
324
309
323
318
318
351
356
376
359
370
381
416
503
523
520
514
513
501
476
485
492
478
468
491
486
492
482
440
407
443
426
418
433
433
415
443
435
416
420
391
359
370
356
375
369
355
333
337
347
354
341
363
349
328
346
344
345
341
351
344
341
339
332
340
329
338
338
347
391
389
387
391
382
412
392
414
411
406
401
416
403
426
400
431
431
428
427
431
421
432
455
439
428
448
444
447
444
450
439
440
432
452
456
458
482
485
454
471
476
491
492
492
512
530
530
513
527
511
491
351
316
328
323
476
505
510
495
503
488
500
493
439
450
449
451
438
438
441
429
441
391
396
378
389
415
464
430
438
430
430
428
427
426
428
427
429
476
496
475
502
498
487
478
498
495
439
444
443
425
429
440
424
446
506
506
497
488
496
517
497
452
427
440
432
427
475
469
488
470
460
447
437
427
422
388
385
393
381
378
382
379
385
382
388
386
382
381
390
382
412
487
484
487
479
482
479
482
492
498
479
484
499
481
479
477
478
477
431
442
467
538
544
517
524
437
339
317
333
325
456
461
452
460
463
499
537
533
533
528
529
521
535
525
532
528
526
514
470
452
445
451
451
447
463
438
448
429
425
426
433
405
425
418
429
417
431
429
428
440
426
425
442
417
421
424
431
419
393
376
427
497
481
499
485
494
481
496
486
487
497
485
472
469
484
477
434
423
440
439
438
441
539
550
571
554
550
554
564
550
552
545
561
530
458
433
424
433
430
429
388
317
327
312
572
583
579
572
583
580
504
487
502
499
491
495
487
472
428
405
414
388
364
380
359
362
363
356
359
365
377
368
369
341
372
452
486
472
472
448
391
339
292
308
311
316
312
302
310
289
290
329
330
331
336
346
337
323
341
341
350
337
346
341
324
326
315
315
320
313
339
373
381
382
381
388
457
441
448
424
408
423
424
430
460
497
495
501
497
500
497
513
498
493
480
478
490
488
482
458
459
469
472
471
453
466
467
445
464
492
510
499
511
489
495
489
429
383
388
402
391
370
387
368
389
357
374
380
379
386
437
456
500
526
523
507
516
509
529
508
501
361
330
327
333
333
325
323
320
310
315
317
311
311
307
321
308
310
323
348
484
593
614
589
571
557
409
382
397
394
394
377
385
392
404
389
391
388
457
446
438
440
461
458
465
446
469
456
460
481
510
507
490
506
508
494
508
498
493
498
495
500
506
469
479
475
389
322
332
321
326
325
314
329
313
329
452
517
516
503
538
489
446
444
441
444
441
430
404
392
399
396
415
420
408
445
565
558
571
585
569
565
572
563
565
562
570
586
572
572
566
523
494
484
500
497
486
479
496
500
484
484
486
486
495
489
402
369
378
382
391
356
371
371
364
338
338
351
344
351
344
347
359
511
514
515
501
487
413
417
464
498
493
502
510
502
514
498
496
509
519
515
483
490
478
507
506
492
496
453
425
431
422
415
433
393
413
381
375
373
370
348
347
358
358
349
370
361
374
380
372
379
383
381
382
401
462
448
460
466
522
504
513
521
513
502
515
501
495
500
519
513
510
408
447
386
315
243
258
265
245
251
249
254
272
255
256
260
245
246
258
261
257
256
254
241
337
333
259
260
257
262
279
350
353
340
354
344
348
468
494
499
506
505
494
464
445
449
423
396
410
402
383
400
406
400
407
388
405
406
406
398
400
409
410
389
403
403
413
417
410
401
417
424
436
438
440
426
440
441
420
424
435
452
552
573
569
579
559
570
572
569
572
580
590
531
546
525
466
479
466
467
495
499
494
476
479
473
470
464
410
349
367
355
360
370
375
370
372
357
372
365
375
365
378
378
369
365
407
450
419
432
422
429
437
435
483
487
492
486
510
502
491
501
499
501
484
478
397
377
366
360
368
510
513
502
525
514
492
419
349
362
371
364
352
349
364
545
551
548
546
544
499
462
478
473
472
469
465
477
483
482
484
473
487
475
461
471
457
453
450
431
438
442
447
437
440
417
354
358
358
359
348
356
348
371
357
363
360
354
367
366
374
378
384
377
376
367
369
443
482
500
486
492
493
481
492
485
501
488
506
482
497
492
493
490
495
487
494
485
483
490
490
502
486
467
401
404
393
383
394
382
309
330
307
322
332
342
325
333
333
339
335
351
357
357
351
360
410
394
420
426
475
490
456
462
435
431
438
433
439
429
440
427
474
469
481
479
469
476
469
460
474
453
461
463
474
456
410
411
522
539
505
518
495
510
398
392
410
368
309
306
322
307
314
359
310
307
311
304
312
319
413
563
536
559
548
544
474
457
461
430
451
389
379
375
383
377
380
376
369
426
433
437
447
461
486
550
548
532
526
541
533
476
432
430
434
438
541
542
560
549
565
573
476
458
462
442
458
458
455
450
460
455
459
458
439
421
397
408
403
400
396
411
396
398
401
408
389
516
523
512
525
523
529
515
517
500
495
510
498
500
500
483
500
448
436
436
423
448
419
423
428
414
411
406
378
376
382
355
373
326
387
379
375
366
382
382
375
369
372
372
377
352
384
388
394
393
413
489
470
480
494
475
480
381
359
362
353
334
334
331
352
344
250
240
256
270
268
273
268
269
270
402
441
440
444
450
450
466
464
466
481
476
453
474
473
459
465
460
475
422
421
450
477
495
467
467
485
457
477
478
477
476
476
375
375
377
362
351
356
316
320
329
328
321
357
319
337
470
489
486
486
484
482
468
474
458
455
477
436
431
438
431
433
426
488
496
509
502
496
490
502
441
393
392
398
384
392
393
402
378
322
312
313
307
306
292
294
285
306
302
286
291
287
302
318
304
305
298
319
308
308
311
538
528
521
520
525
502
436
433
456
431
445
434
449
422
389
324
330
318
331
333
327
335
370
389
404
409
416
412
403
407
416
478
487
472
457
463
471
473
456
456
477
462
477
458
471
472
439
399
400
392
393
387
379
374
446
535
526
543
544
553
542
521
535
532
531
515
512
449
454
454
444
465
455
448
461
453
408
362
354
359
361
403
452
436
459
441
443
433
452
507
516
518
506
492
515
482
447
327
328
337
328
325
314
312
304
300
323
350
460
582