531.0
78.0
313.0
229.0
917.0
598.0
344.0
353.0
391.0
541.0
118.0
474.0
873.0
423.0
668.0
625.0
454.0
795.0
111.0
444.0
752.0
963.0
783.0
60.0
241.0
966.0
795.0
109.0
437.0
727.0
863.0
382.0
507.0
1006.0
954.0
746.0
939.0
684.0
690.0
714.0
810.0
169.0
677.0
660.0
595.0
332.0
306.0
201.0
806.0
153.0
615.0
413.0
628.0
466.0
841.0
295.0
156.0
627.0
461.0
821.0
214.0
857.0
356.0
401.0
580.0
272.0
64.0
258.0
11.0
44.0
179.0
718.0
826.0
232.0
929.0
645.0
535.0
94.0
376.0
481.0
900.0
530.0
75.0
300.0
179.0
716.0
817.0
198.0
795.0
111.0
445.0
756.0
979.0
844.0
305.0
197.0
791.0
92.0
369.0
452.0
784.0
67.0
271.0
63.0
252.0
1010.0
968.0
802.0
136.0
547.0
140.0
560.0
193.0
772.0
17.0
70.0
282.0
106.0
426.0
683.0
687.0
700.0
754.0
971.0
814.0
184.0
736.0
897.0
516.0
19.0
76.0
306.0
203.0
815.0
188.0
754.0
968.0
803.0
142.0
569.0
229.0
919.0
607.0
381.0
500.0
977.0
838.0
282.0
105.0
420.0
656.0
579.0
270.0
56.0
226.0
904.0
547.0
141.0
566.0
219.0
878.0
443.0
750.0
955.0
749.0
950.0
730.0
875.0
428.0
688.0
706.0
778.0
41.0
164.0
659.0
590.0
313.0
230.0
921.0
612.0
402.0
585.0
293.0
149.0
596.0
339.0
332.0
307.0
207.0
830.0
250.0
1002.0
938.0
683.0
687.0
700.0
753.0
965.0
790.0
89.0
359.0
415.0
637.0
503.0
990.0
889.0
486.0
923.0
621.0
436.0
723.0
844.0
306.0
202.0
811.0
174.0
696.0
739.0
908.0
560.0
194.0
778.0
43.0
172.0
689.0
709.0
791.0
95.0
383.0
511.0
1023.0
1023.0
1020.0
1009.0
967.0
797.0
116.0
466.0
840.0
288.0
130.0
520.0
32.0
129.0
516.0
17.0
69.0
277.0
87.0
349.0
373.0
468.0
851.0
333.0
310.0
216.0
866.0
394.0
553.0
165.0
661.0
599.0
351.0
383.0
509.0
1014.0
984.0
866.0
395.0
556.0
177.0
710.0
793.0
102.0
410.0
618.0
424.0
674.0
650.0
553.0
165.0
660.0
594.0
329.0
295.0
159.0
636.0
496.0
961.0
773.0
21.0
84.0
339.0
333.0
310.0
218.0
874.0
425.0
679.0
670.0
633.0
484.0
913.0
580.0
272.0
65.0
261.0
21.0
87.0
350.0
378.0
489.0
933.0
663.0
606.0
376.0
481.0
900.0
529.0
68.0
272.0
67.0
269.0
53.0
215.0
862.0
379.0
493.0
949.0
724.0
850.0
329.0
293.0
150.0
600.0
355.0
398.0
571.0
237.0
950.0
730.0
873.0
420.0
656.0
578.0
266.0
43.0
174.0
696.0
738.0
906.0
554.0
169.0
677.0
660.0
595.0
334.0
312.0
226.0
907.0
556.0
176.0
707.0
780.0
50.0
200.0
803.0
140.0
561.0
197.0
789.0
87.0
349.0
373.0
470.0
856.0
353.0
389.0
534.0
90.0
362.0
424.0
673.0
644.0
530.0
73.0
294.0
154.0
619.0
431.0
702.0
763.0
1005.0
949.0
727.0
863.0
382.0
504.0
995.0
911.0
575.0
255.0
1023.0
1021.0
1013.0
982.0
859.0
366.0
440.0
737.0
903.0
541.0
118.0
474.0
874.0
424.0
674.0
651.0
557.0
183.0
732.0
880.0
448.0
770.0
11.0
45.0
181.0
727.0
862.0
377.0
484.0
912.0
576.0
258.0
10.0
42.0
169.0
678.0
664.0
611.0
399.0
573.0
245.0
981.0
854.0
345.0
359.0
412.0
627.0
462.0
827.0
236.0
946.0
712.0
800.0
128.0
512.0
3.0
14.0
57.0
229.0
917.0
596.0
336.0
320.0
258.0
11.0
47.0
191.0
764.0
1011.0
973.0
821.0
214.0
859.0
366.0
443.0
750.0
953.0
742.0
920.0
609.0
388.0
528.0
66.0
265.0
37.0
151.0
607.0
381.0
502.0
986.0
875.0
428.0
688.0
705.0
775.0
30.0
123.0
495.0
959.0
765.0
1013.0
982.0
857.0
357.0
407.0
606.0
376.0
481.0
902.0
539.0
109.0
437.0
726.0
859.0
364.0
434.0
713.0
807.0
156.0
627.0
461.0
821.0
213.0
855.0
349.0
373.0
469.0
854.0
344.0
353.0
391.0
541.0
116.0
467.0
844.0
304.0
194.0
779.0
47.0
191.0
766.0
1019.0
1006.0
952.0
736.0
896.0
515.0
13.0
52.0
209.0
836.0
274.0
73.0
293.0
148.0
595.0
333.0
309.0
214.0
856.0
352.0
385.0
518.0
25.0
101.0
406.0
600.0
352.0
385.0
516.0
18.0
74.0
297.0
166.0
667.0
621.0
436.0
721.0
838.0
280.0
97.0
389.0
535.0
93.0
372.0
466.0
840.0
290.0
138.0
553.0
167.0
670.0
634.0
491.0
943.0
701.0
758.0
984.0
866.0
394.0
552.0
162.0
650.0
554.0
168.0
672.0
642.0
523.0
44.0
177.0
711.0
797.0
119.0
479.0
895.0
511.0
1020.0
1010.0
971.0
815.0
190.0
763.0
1005.0
949.0
727.0
862.0
376.0
480.0
898.0
521.0
37.0
150.0
603.0
364.0
435.0
719.0
828.0
242.0
970.0
809.0
164.0
656.0
577.0
262.0
25.0
103.0
412.0
626.0
458.0
811.0
172.0
690.0
714.0
809.0
164.0
659.0
588.0
305.0
197.0
790.0
91.0
367.0
446.0
760.0
994.0
905.0
551.0
157.0
631.0
479.0
895.0
510.0
1016.0
992.0
897.0
516.0
17.0
71.0
284.0
115.0
463.0
829.0
244.0
977.0
837.0
279.0
95.0
382.0
504.0
995.0
908.0
562.0
200.0
802.0
138.0
554.0
168.0
675.0
653.0
567.0
222.0
890.0
491.0
940.0
688.0
706.0
776.0
32.0
130.0
520.0
34.0
138.0
553.0
167.0
668.0
626.0
458.0
809.0
164.0
656.0
578.0
267.0
47.0
189.0
756.0
976.0
835.0
268.0
51.0
204.0
819.0
205.0
822.0
217.0
870.0
408.0
609.0
388.0
528.0
65.0
263.0
30.0
123.0
493.0
950.0
730.0
875.0
431.0
702.0
762.0
1003.0
942.0
699.0
749.0
951.0
734.0
890.0
490.0
936.0
675.0
655.0
575.0
253.0
1012.0
977.0
836.0
273.0
69.0
277.0
87.0
351.0
380.0
498.0
968.0
803.0
141.0
564.0
209.0
838.0
283.0
108.0
432.0
705.0
775.0
31.0
124.0
498.0
969.0
807.0
156.0
627.0
460.0
817.0
199.0
796.0
112.0
450.0
778.0
41.0
165.0
661.0
596.0
338.0
328.0
290.0
138.0
555.0
172.0
689.0
710.0
794.0
107.0
431.0
700.0
752.0
960.0
770.0
11.0
47.0
191.0
765.0
1015.0
990.0
891.0
493.0
951.0
735.0
892.0
497.0
965.0
788.0
83.0
334.0
314.0
232.0
931.0
655.0
572.0
243.0
974.0
824.0
224.0
896.0
514.0
11.0
44.0
176.0
704.0
768.0
0.0
1.0
6.0
26.0
105.0
423.0
671.0
639.0
510.0
1017.0
996.0
914.0
585.0
293.0
151.0
604.0
369.0
455.0
797.0
118.0
473.0
869.0
407.0
605.0
375.0
476.0
882.0
459.0
813.0
181.0
726.0
857.0
357.0
404.0
595.0
332.0
307.0
204.0
817.0
199.0
799.0
124.0
498.0
971.0
812.0
176.0
704.0
769.0
7.0
29.0
117.0
469.0
854.0
344.0
354.0
395.0
556.0
178.0
714.0
809.0
164.0
659.0
591.0
316.0
241.0
964.0
784.0
67.0
271.0
61.0
246.0
987.0
878.0
442.0
746.0
937.0
676.0
658.0
584.0
288.0
128.0
512.0
1.0
4.0
19.0
76.0
305.0
197.0
789.0
87.0
349.0
375.0
478.0
889.0
484.0
914.0
585.0
294.0
153.0
614.0
410.0
617.0
422.0
664.0
609.0
388.0
528.0
67.0
270.0
56.0
227.0
909.0
566.0
218.0
875.0
431.0
701.0
759.0
989.0
884.0
465.0
838.0
283.0
108.0
432.0
704.0
771.0
12.0
48.0
194.0
776.0
32.0
131.0
524.0
50.0
201.0
804.0
147.0
590.0
314.0
233.0
933.0
663.0
606.0
377.0